[-0.13688956]
[ 0.01641168]
[ 0.03367944]
[ 0.10161299]
[ 0.4359]
[-0.21637864]
[-0.17933746]
[-0.10341845]
[ 0.05970483]
[-0.26630989]
[ 0.85215539]
[ 0.51743889]
[ 0.29752547]
[ 0.32018501]
[-1.09064949]
[ 0.10301049]
[-0.33211762]
[-0.49633175]
[-0.08164716]
[ 0.83591545]
[ 1.24649656]
[-0.01504125]
[ 0.23798521]
[-1.34526408]
[ 0.12457386]
[-0.41081759]
[-0.5807721]
[-0.29579049]
[ 1.18798339]
[ 1.25913692]
[ 0.23039098]
[ 0.42563736]
[ 0.67422056]
[-0.60144764]
[-0.23094766]
[-0.96440631]
[-0.4945682]
[ 0.27103665]
[ 1.13704908]
[-0.1312943]
[-0.31626618]
[ 0.5234617]
[-0.25007442]
[-0.1839706]
[ 0.69139516]
[ 0.48790067]
[-0.87486398]
[-2.40235567]
[ 0.32513341]
[-0.78996032]
[-0.72439885]
[ 0.78513998]
[ 0.27133971]
[ 0.25449964]
[ 0.39337409]
[-0.22909223]
[ 0.31502733]
[-0.11159303]
[-0.428691]
[-0.31197491]
[ 0.71034175]
[-0.13392697]
[ 0.11150385]
[ 0.64413995]
[ 0.26856723]
[ 0.33196121]
[ 0.52400953]
[ 0.11958196]
[ 0.35970327]
[ 0.56341511]
[ 0.09496626]
[ 0.31466246]
[-0.70420188]
[ 0.18163557]
[-0.36158386]
[-0.05486211]
[ 0.16692866]
[ 0.20309944]
[-0.53375006]
[-0.09970634]
[-0.23770422]
[ 0.1861175]
[-0.41665486]
[-0.23634957]
[-0.35845998]
[-0.30838865]
[ 0.32500201]
[-0.09928328]
[ 0.19942707]
[ 0.85408229]
[-0.06198758]
[-0.12610707]
[ 0.58500177]
[-0.34683254]
[ 0.01328931]
[ 0.56904191]
[-0.51148891]
[ 0.1501645]
[-0.23701157]
[-2.04207611]
[-0.53079629]
[ 0.16120936]
[-1.35183811]
[ 0.97149509]
[ 0.65926498]
[ 0.27219638]
[ 1.16689157]
[ 0.40014505]
[-0.59174377]
[ 0.9547739]
[-0.55692941]
[ 0.43708697]
[-0.59691292]
[ 0.38907766]
[-0.09675966]
[-0.18393482]
[ 0.21557489]
[-1.12698257]
[ 2.33800364]
[-1.13744974]
[-0.0492056]
[ 0.3375645]
[-0.4687658]
[ 0.0758632]
[ 0.05394894]
[-0.02075389]
[-1.4440769]
[ 3.11578798]
[-1.28260064]
[-0.89004129]
[ 0.84461266]
[-0.77952194]
[ 0.20784411]
[ 0.25657839]
[-0.04832139]
[-0.19868691]
[ 0.21814311]
[ 0.41948262]
[-0.56689006]
[ 0.05872403]
[ 0.29146525]
[ 0.31730798]
[-0.40664688]
[ 0.24061079]
[-0.36787382]
[ 0.58550072]
[ 0.13157032]
[-1.07803237]
[ 0.27793157]
[ 0.66304201]
[-0.64593482]
[-0.72252983]
[ 0.34077227]
[-0.30975288]
[ 1.10868096]
[ 0.22149056]
[-1.24810636]
[ 0.5375734]
[ 0.71316469]
[-0.68574715]
[-0.40051556]
[ 0.47752327]
[-0.28774455]
[-0.30375281]
[-0.07930606]
[-0.00449873]
[ 0.14538245]
[-0.21874121]
[ 0.42203245]
[ 0.47635084]
[-0.21345752]
[ 0.21499255]
[-0.1214423]
[ 0.05841]
[ 0.45208922]
[ 0.3731584]
[ 0.23668653]
[-0.92729086]
[-0.43908328]
[-0.2046883]
[-0.54091972]
[-0.68745661]
[-1.75503051]
[ 0.12310863]
[ 0.38436681]
[-0.87358516]
[ 0.79804206]
[ 1.76039076]
[ 1.17315865]
[ 0.4017067]
[-0.16537747]
[-0.47038868]
[ 0.28889853]
[ 0.3179296]
[-0.66697729]
[ 0.24086411]
[ 0.17362948]
[-0.29777452]
[-0.22563025]
[ 0.48706883]
[-0.28732145]
[-0.10274804]
[ 0.58217376]
[-0.35378125]
[-0.34282911]
[ 0.25158501]
[ 0.08261069]
[ 1.07259119]
[ 0.62647867]
[-1.76091945]
[ 0.94492376]
[ 1.02016687]
[-1.6218257]
[ 0.84211671]
[ 0.58254218]
[-1.68648732]
[-0.35232985]
[-0.38415474]
[-0.21577251]
[ 0.5751093]
[ 0.61460757]
[ 0.27121478]
[-0.16183691]
[-0.27905762]
[-0.04423735]
[-0.16833933]
[-0.88302022]
[-0.12744807]
[ 0.74754226]
[ 1.36714947]
[ 0.57821119]
[-0.5269202]
[-0.66813993]
[-0.34795609]
[-0.95784664]
[-1.28072095]
[-0.77318025]
[ 1.95590711]
[ 2.3139379]
[ 1.29537284]
[-0.96243966]
[-1.02561307]
[-0.56868672]
[-1.33526111]
[ 0.26984945]
[-1.01925778]
[-0.95418942]
[ 0.32250309]
[-0.45462683]
[-0.04998196]
[ 0.34503841]
[ 0.50871998]
[ 2.33295298]
[ 0.83246219]
[ 0.55821514]
[ 0.93189609]
[ 0.96138]
[-0.10409641]
[ 0.12026583]
[-0.26003209]
[-0.65340316]
[-0.56483549]
[-1.54344702]
[ 0.67633271]
[-0.24465956]
[-0.58377367]
[ 0.21342099]
[ 0.00589846]
[-0.24878131]
[ 0.30195829]
[-0.08283687]
[ 0.91978002]
[ 1.18866992]
[ 0.08680683]
[-0.01940844]
[-0.03145891]
[ 0.13236046]
[-0.05220393]
[ 0.00765181]
[ 0.66731763]
[-0.62540632]
[-0.2116809]
[ 1.01168346]
[ 0.44112059]
[-1.03474963]
[ 0.32151404]
[-0.29789081]
[ 0.25188681]
[-0.88273621]
[-1.2783165]
[-0.11650129]
[ 0.31888211]
[-0.34135288]
[-0.38356358]
[ 0.02876162]
[-0.29149538]
[-0.57860214]
[-0.50348806]
[ 0.83594978]
[-0.02339382]
[ 0.03858367]
[-0.2931793]
[ 0.29452431]
[ 0.13734145]
[-0.15369524]
[ 0.24030495]
[-0.43053302]
[ 0.02688704]
[-0.09179004]
[ 0.14222096]
[-0.00464361]
[ 0.25232309]
[-0.03914347]
[ 0.31627017]
[ 0.41191274]
[-0.3569859]
[-0.46475446]
[ 0.3385483]
[-0.63136488]
[ 0.56475538]
[-0.11047007]
[ 0.07020678]
[-0.30165854]
[ 0.22118059]
[-0.6073693]
[ 0.50661182]
[ 0.48104623]
[-0.01266785]
[ 0.03613771]
[ 0.17634244]
[-0.19908805]
[-0.40328613]
[ 0.05564583]
[-0.12028268]
[-0.40278476]
[-0.25042811]
[ 0.17511269]
[ 0.08075434]
[ 0.1924165]
[ 0.43491769]
[-0.03448356]
[-0.03299578]
[-0.00407098]
[-0.1205759]
[ 0.0057403]
[ 0.2205653]
[ 0.04806583]
[-0.36632013]
[ 0.75983435]
[-0.26336724]
[ 0.25607765]
[-0.29512328]
[-1.7909627]
[ 0.01820723]
[-0.15740059]
[ 0.05917896]
[ 0.0735626]
[-0.22041927]
[ 0.51133716]
[ 0.10247386]
[-0.23558103]
[ 0.26748872]
[-0.03460985]
[ 0.18059908]
[-0.15600033]
[ 0.33673587]
[ 0.05587251]
[-0.5138315]
[ 0.31478423]
[ 0.27391252]
[-1.34093571]
[ 0.00046892]
[ 0.07100893]
[-0.24296866]
[ 0.22889674]
[ 0.09695491]
[ 0.09522634]
[ 0.24768415]
[-0.27146831]
[-0.0478814]
[-0.24365418]
[ 0.36972836]
[ 0.15042038]
[-0.04644714]
[ 0.26072401]
[ 0.27860749]
[ 0.00876912]
[ 0.00165328]
[ 0.28454474]
[-0.65530455]
[-0.33781874]
[-1.01033211]
[ 0.00994356]
[-0.18218316]
[ 0.13566178]
[-0.12268289]
[-0.2997416]
[ 0.20075727]
[-0.59657943]
[-0.396945]
[-0.64260948]
[ 0.77808797]
[ 0.41333625]
[ 0.61808032]
[-0.00733489]
[ 0.12885785]
[ 0.12084292]
[-0.38542089]
[-0.17574109]
[ 0.21596871]
[-0.24236923]
[-0.21919781]
[ 0.09560001]
[-0.07021727]
[-0.12395184]
[ 0.1561776]
[ 0.06755985]
[ 0.02555155]
[ 0.13402034]
[-0.10071305]
[-0.52366179]
[-0.18494114]
[-0.11468293]
[-0.39057401]
[-0.15538789]
[ 0.43593422]
[ 0.02127629]
[ 0.08189402]
[ 0.38416627]
[ 0.06587888]
[-0.12807813]
[ 0.10224476]
[ 0.09372515]
[-0.15019193]
[ 0.03039475]
[ 0.04911713]
[-0.65790617]
[ 0.12271689]
[-0.11573929]
[-0.33544898]
[ 0.16949528]
[ 0.0648803]
[-0.06553291]
[ 0.13733017]
[-0.15376259]
[ 0.30915117]
[ 0.05856435]
[-0.17329279]
[ 0.1082292]
[-0.01676951]
[-0.04097284]
[-0.0644187]
[-0.09050414]
[ 0.52627051]
[-0.15120415]
[-0.10034055]
[ 0.30103007]
[-0.12870625]
[-0.03720883]
[ 0.06664687]
[-0.01364715]
[-1.04430556]
[-0.35986209]
[-0.86026931]
[ 0.39613074]
[-0.15537329]
[-0.05990228]
[ 0.22747645]
[ 0.05459645]
[ 0.11545141]
[-0.10232766]
[-0.31900951]
[ 0.30190662]
[-0.00018312]
[-0.1129218]
[ 0.15822846]
[-0.01104409]
[ 0.02369115]
[ 0.01357057]
[-0.02273557]
[ 0.07187237]
[-1.15873647]
[-0.02755002]
[-0.07599511]
[-0.29771057]
[ 0.28240791]
[ 0.20795645]
[-0.17513725]
[ 0.64573556]
[ 0.26513284]
[-0.47011912]
[-0.1142295]
[-0.39728492]
[-0.38958904]
[ 0.60608572]
[-0.00743469]
[ 0.06086862]
[ 0.16666032]
[ 0.06624192]
[ 0.0678613]
[ 0.00940506]
[-0.05213278]
[-0.11385653]
[ 0.17780849]
[ 0.05651799]
[-0.11016114]
[-0.09995206]
[ 0.0843727]
[-0.36313611]
[ 0.13457933]
[ 0.0842356]
[ 0.05066654]
[ 0.23686115]
[ 0.21327385]
[ 0.16378307]
[-0.15594181]
[ 0.15768205]
[-0.42993137]
[-0.02422332]
[-0.0050967]
[ 0.03028767]
[ 0.10974672]
[ 0.03597934]
[-0.00729362]
[-0.17510752]
[ 0.00402812]
[-0.27070099]
[-0.01289651]
[-0.22391181]
[-0.07978106]
[-0.11749886]
[-0.05223005]
[-0.00666118]
[-0.15441687]
[-0.26969588]
[-0.84486848]
[-0.07969063]
[-0.02840988]
[ 0.01002909]
[-0.03796594]
[-0.16884965]
[-0.14847891]
[ 0.04124049]
[-0.01303178]
[ 0.30323559]
[ 0.02958105]
[ 0.084036]
[ 0.13597387]
[ 0.02670936]
[ 0.01047818]
[ 0.00551003]
[ 0.19998464]
[-0.05736411]
[-0.85867232]
[ 0.0943438]
[ 0.00693721]
[-0.00116362]
[ 0.53135067]
[-0.0362885]
[-0.08810226]
[ 0.26099256]
[-0.23628657]
[-0.22726458]
[ 0.22925326]
[-0.29567596]
[-0.22580457]
[-0.07396146]
[ 0.09217663]
[ 0.00962903]
[ 0.01229586]
[ 0.1404597]
[-0.23973426]
[-0.18434854]
[ 0.10000343]
[ 0.01119735]
[ 0.30240381]
[ 0.00888106]
[ 0.08030284]
[-0.37809592]
[ 0.09550719]
[ 0.51612073]
[ 0.12251727]
[ 0.06200503]
[ 0.08315373]
[-0.65569293]
[ 0.30605268]
[-0.08708611]
[ 0.00979982]
[-0.61683989]
[-0.24463473]
[ 0.07886632]
[-0.4844524]
[-0.30466524]
[ 0.07010213]
[ 0.18677372]
[-0.02913865]
[-1.22188389]
[-0.22727257]
[ 0.00660323]
[-1.23221123]
[-0.45828164]
[ 0.11718054]
[-0.07345713]
[-0.10312132]
[ 0.26718599]
[-1.16750491]
[ 0.18684523]
[ 0.43087286]
[-0.42956364]
[-0.03336172]
[ 0.11601681]
[ 0.24561688]
[ 0.21912596]
[ 0.13338554]
[ 0.65926927]
[ 0.42507696]
[ 0.02427817]
[-0.01775966]
[ 0.01757696]
[ 0.19743492]
[ 0.07927578]
[-0.31034827]
[-0.11396605]
[-0.50463974]
[ 0.15285505]
[-0.07378036]
[-0.16216204]
[ 0.45808107]
[ 0.1935145]
[ 0.16456246]
[ 0.0582997]
[ 0.13476822]
[ 0.5240798]
[-0.02711184]
[-0.00508485]
[ 0.23136714]
[ 0.1208828]
[-0.00615671]
[ 0.40750009]
[-0.08230209]
[-0.04802297]
[-0.02339133]
[ 0.07851473]
[-0.1309554]
[-0.07438792]
[-0.10114142]
[ 0.17169383]
[-0.02026404]
[-0.06981041]
[ 0.12039221]
[-0.26618114]
[ 0.0265573]
[-0.05978964]
[ 0.24823646]
[ 0.03652893]
[-0.06730418]
[-0.89304793]
[ 0.10343406]
[ 0.00481628]
[ 0.00261255]
[ 0.0918301]
[ 0.23451601]
[-0.25848594]
[ 0.1833898]
[-0.05212444]
[-0.19228911]
[-0.11529397]
[ 0.33034834]
[-0.08009648]
[ 0.0548619]
[ 0.25297755]
[-0.53972483]
[-0.58608401]
[-0.14239801]
[ 1.60321033]
[-1.10645461]
[ 0.44036204]
[ 0.02109371]
[-0.10189172]
[-0.09721227]
[-0.19943517]
[ 0.27901602]
[-0.02691903]
[-1.09882689]
[-0.1702619]
[ 0.40776297]
[ 0.04194202]
[-0.01954792]
[ 0.15000214]
[-0.18529999]
[-0.17975192]
[ 0.1138083]
[-0.35998479]
[-0.3093915]
[-0.02925161]
[ 0.20870009]
[-0.3180798]
[ 0.06702904]
[ 0.45251489]
[-0.05111664]
[-0.0328498]
[ 1.39832628]
[-0.17988619]
[-0.22181627]
[ 0.2989746]
[ 0.03968665]
[ 0.06894395]
[-0.62577236]
[ 0.01047548]
[-0.29949901]
[-0.03358964]
[-0.27168119]
[-0.04520471]
[ 0.06459275]
[-0.20380557]
[-0.00414268]
[-0.01287692]
[ 0.37034467]
[ 0.02772207]
[ 0.19889146]
[-0.40592092]
[ 0.08522065]
[-0.37457448]
[ 0.27650207]
[ 0.05135577]
[-0.68462831]
[ 0.12548079]
[ 0.26706254]
[-0.7609309]
[ 0.14710787]
[ 0.20141624]
[-0.13686731]
[ 0.08571032]
[ 0.13130008]
[-0.48504585]
[ 0.05328739]
[ 0.0394604]
[ 0.48358157]
[-0.31154814]
[ 0.26750469]
[-0.11491089]
[ 0.1267532]
[ 0.2522839]
[-0.1901454]
[ 0.02749303]
[ 0.15360641]
[-0.25545308]
[-0.18421282]
[-0.12096766]
[ 0.15038188]
[ 0.29715008]
[-0.08533126]
[-0.33807576]
[-0.12032767]
[-0.22143015]
[ 0.05447263]
[ 0.27183285]
[-0.27401415]
[ 0.29472256]
[ 0.71949768]
[ 0.55181599]
[-0.40226135]
[-0.0923147]
[ 0.04554027]
[-0.17979422]
[-0.05413846]
[-0.86007351]
[-0.19597298]
[-0.17511427]
[ 0.29985136]
[-0.22744434]
[-0.22135639]
[ 0.11964592]
[ 0.14673485]
[ 0.13810919]
[-0.04045731]
[ 0.02276783]
[-0.00892872]
[-0.0452613]
[ 0.04138862]
[ 0.11519226]
[-0.14475171]
[-0.0665633]
[ 0.09714446]
[-0.01629709]
[-0.09497917]
[ 0.19189341]
[-0.09499387]
[ 0.12821162]
[ 0.43428266]
[ 0.01437904]
[-0.03587954]
[ 0.09172112]
[ 0.16018642]
[-0.66419792]
[-0.67139834]
[ 0.09006988]
[-0.52513081]
[-0.51074302]
[-0.25787166]
[-0.15429573]
[ 0.33316952]
[ 0.25968805]
[ 0.19893266]
[ 0.25257796]
[ 0.07360645]
[ 0.23017949]
[ 0.25171471]
[-0.21777228]
[ 0.26804373]
[ 0.15191346]
[-0.1236731]
[-0.27488884]
[-0.27397257]
[-0.19766591]
[-0.30339694]
[-0.26541689]
[-0.06014428]
[-0.16536444]
[-0.08568854]
[ 0.24335009]
[ 0.02169875]
[ 0.07660919]
[ 0.04564876]
[-0.29711804]
[-0.21477164]
[-0.07803625]
[ 0.05645433]
[ 0.26496962]
[ 0.12899487]
[ 0.22275972]
[ 0.13290073]
[ 0.00067549]
[-0.05867301]
[ 0.0791444]
[ 0.35796788]
[ 0.15414505]
[ 0.14917049]
[ 0.22095741]
[-0.19774102]
[-0.24699697]
[-0.07566302]
[-0.77173036]
[-0.38666132]
[ 0.01739593]
[-0.3078365]
[ 0.19587022]
[ 0.28142133]
[ 0.55910844]
[-0.38542154]
[ 0.54985321]
[-0.41638494]
[-0.17896879]
[ 0.07160705]
[-0.5015201]
[ 0.30078021]
[ 0.50944805]
[ 0.82381344]
[ 0.13319749]
[ 0.06847865]
[ 0.21954887]
[-0.17378941]
[ 0.23777932]
[-0.13143373]
[-0.16377759]
[ 0.18068729]
[-0.38974038]
[-0.74417084]
[-0.07828838]
[-0.41787186]
[-0.18371187]
[ 0.02164907]
[-0.12533349]
[-0.06575101]
[ 0.11782921]
[-0.29467502]
[-0.07050166]
[ 0.13502495]
[-0.17802039]
[ 0.03633488]
[-0.17106785]
[-0.10793523]
[-0.02558214]
[ 0.05580468]
[-0.52069467]
[ 0.08107051]
[ 0.07180278]
[-0.0688851]
[ 0.05684502]
[-0.370994]
[ 0.06100237]
[-0.09170092]
[-0.08864943]
[ 0.0967517]
[ 0.02446445]
[ 0.03841312]
[-0.0152705]
[-0.03992584]
[-0.16621366]
[-0.10519493]
[-0.00901527]
[ 0.08810129]
[-0.3003982]
[ 0.19217515]
[-0.127836]
[-0.23397237]
[ 0.18733519]
[-0.10839369]
[ 0.09543487]
[ 0.06429526]
[-0.09237007]
[ 0.01247718]
[-0.34790388]
[-0.05886023]
[-0.39084491]
[-0.12467828]
[-0.10126354]
[-0.5817166]
[ 0.16097088]
[ 0.32960433]
[-0.17731331]
[-0.25406235]
[-0.60005802]
[ 0.05080992]
[ 0.16663007]
[ 0.09999228]
[ 0.02608082]
[ 0.02447386]
[-0.15163541]
[-0.48170891]
[-0.10079626]
[-0.11681484]
[-0.14037909]
[ 0.1547168]
[-0.22587389]
[ 0.34654009]
[ 0.47752219]
[-0.49881715]
[-0.30618951]
[ 0.26774597]
[ 0.02784695]
[-0.06070133]
[ 0.31942874]
[-0.22367488]
[ 0.00287899]
[ 0.47229093]
[-0.40625694]
[-0.40857816]
[-0.3103444]
[-0.48545069]
[ 0.04012293]
[ 0.17733313]
[ 0.21299732]
[ 0.0038893]
[ 0.03375486]
[-0.17658311]
[-0.78560662]
[-0.99985576]
[-0.64908743]
[ 0.01228948]
[ 0.04347678]
[-0.20224255]
[-0.06972801]
[ 0.05916687]
[-0.01980931]
[ 0.11840649]
[-0.00502567]
[ 0.27225471]
[-0.03192647]
[-0.10688778]
[-0.12360317]
[-0.04300866]
[ 0.11034838]
[ 0.0177971]
[ 0.08464951]
[-0.07029555]
[ 0.15632285]
[ 0.06289487]
[-0.11636858]
[-0.05710302]
[ 0.03128345]
[ 0.2262008]
[ 0.20933403]
[ 0.13743106]
[ 0.28041691]
[ 0.17750213]
[-0.01521727]
[-0.06593291]
[-0.0239775]
[-0.01639322]
[-0.08555268]
[-0.24648474]
[ 0.22031897]
[ 0.02860466]
[-0.02797095]
[ 0.16145355]
[-0.15781032]
[ 0.1148841]
[ 0.01940635]
[-0.09118924]
[ 0.11868371]
[-0.3744621]
[-0.2144441]
[-0.17257643]
[-0.00259695]
[ 0.28612441]
[-0.12449673]
[-0.06020259]
[ 0.48091763]
[-0.4522109]
[ 0.0315257]
[-0.14197811]
[-0.00728153]
[ 0.15541007]
[ 0.15250835]
[ 0.14576857]
[ 0.04889748]
[ 0.11873572]
[ 0.04707372]
[-0.05008427]
[ 0.09740318]
[ 0.3514061]
[ 0.09429341]
[-0.00494029]
[ 0.06928272]
[ 0.07511944]
[ 0.05520714]
[-0.51792383]
[-0.23545174]
[ 0.24947777]
[ 0.34567657]
[-0.22759584]
[-0.06501491]
[-0.04394417]
[-0.28489989]
[ 0.40551963]
[-0.02243535]
[-0.13552114]
[-0.28424865]
[ 0.02691327]
[-0.15844654]
[-0.17180465]
[-0.1577348]
[-0.38989836]
[-0.5042603]
[-0.56245303]
[ 0.29503921]
[ 0.36617535]
[ 0.25266293]
[-0.14125016]
[-0.16707791]
[-0.18124188]
[-0.47207168]
[-0.88691497]
[-1.15829015]
[-0.24262655]
[-0.14177302]
[-0.08794933]
[-0.20262571]
[-0.30896464]
[-0.31445995]
[-0.08689371]
[ 0.05205174]
[-0.39719474]
[ 0.25611791]
[ 0.30185941]
[ 0.20606261]
[ 0.33595011]
[ 0.08431515]
[ 0.1843981]
[ 0.1527257]
[ 0.13277861]
[ 0.35399044]
[-0.24780343]
[-0.25814888]
[-0.03477778]
[-0.51246941]
[-0.78361213]
[-0.57297558]
[-0.22204362]
[-0.45950198]
[-0.93043345]
[ 0.16165292]
[ 0.07375263]
[ 0.03636758]
[ 0.26637879]
[ 0.21617839]
[ 0.24849634]
[ 0.24703276]
[ 0.30539322]
[ 0.40721714]
[ 0.01340551]
[ 0.19139272]
[ 0.33094257]
[-0.03724314]
[-0.05778579]
[-0.10145798]
[-0.14371626]
[ 0.03551957]
[-0.19599976]
[ 0.2016592]
[ 0.1364848]
[ 0.34737313]
[-0.25700161]
[-0.30608967]
[ 0.16093084]
[ 0.07045681]
[-0.19199561]
[ 0.00510345]
[ 0.32847387]
[-0.12398907]
[ 0.20145889]
[-0.12929548]
[ 0.08222974]
[-0.00775591]
[-0.47047839]
[ 0.18058859]
[-0.10694326]
[ 0.44372404]
[-0.2536802]
[-0.05786376]
[-0.24967465]
[ 0.07401365]
[-0.04833327]
[ 0.12865454]
[-0.29621238]
[ 0.26784855]
[ 0.26034766]
[-0.3106817]
[-0.11633586]
[ 0.12593359]
[ 0.30918363]
[ 0.08911665]
[-0.1871777]
[-0.13941197]
[-0.04368525]
[-0.5173099]
[-0.1618371]
[-0.20649548]
[ 0.1232012]
[ 0.50648367]
[ 0.22801416]
[ 0.01101315]
[-0.09179819]
[-0.06832726]
[-0.15002106]
[ 0.38055879]
[-0.1334462]
[-0.20883216]
[ 0.22269946]
[-0.26696628]
[ 0.08275328]
[-0.18572821]
[ 0.20496514]
[-0.28258723]
[-0.36859262]
[-0.21460408]
[ 0.95112103]
[ 0.09035416]
[ 0.65792447]
[-0.2140805]
[-0.59227192]
[-0.26299113]
[-0.30795687]
[ 0.18863539]
[ 0.00773224]
[-0.24584603]
[ 0.24361306]
[-0.30927053]
[ 0.03444478]
[-0.0897867]
[ 0.10844858]
[ 0.24131472]
[-0.18597017]
[ 0.27616045]
[ 0.07168303]
[-0.18842493]
[ 0.03075008]
[-0.16268261]
[ 0.12602183]
[-0.2653386]
[ 0.15173228]
[ 0.0784568]
[ 0.06788262]
[ 0.00175013]
[ 0.06154165]
[ 0.11794782]
[-0.30743894]
[-0.22368732]
[ 0.01382849]
[ 0.02120238]
[-0.15844955]
[-0.03730677]
[ 0.59005231]
[ 0.15446234]
[-0.12161688]
[-0.26175705]
[-0.72824633]
[-0.441609]
[ 0.14624393]
[-0.0047895]
[ 0.04707314]
[-0.18532257]
[-0.35719591]
[ 0.28974366]
[ 0.05540816]
[-0.18384634]
[ 0.04184629]
[ 0.02585957]
[-0.10436931]
[ 0.2839554]
[ 0.53466809]
[-0.55861813]
[-0.08952473]
[-0.15692949]
[-0.27489039]
[ 0.57451969]
[ 0.1082038]
[-0.35748443]
[-0.18567781]
[ 0.46777686]
[ 0.02531261]
[-0.33261403]
[ 0.69437611]
[ 0.35121685]
[-0.04270693]
[ 0.11850623]
[ 0.03421974]
[ 0.20986941]
[ 0.09946909]
[ 0.14465149]
[ 0.18671221]
[ 0.47269377]
[ 0.21405096]
[ 0.30405968]
[ 0.04234198]
[-0.16109042]
[ 0.01010828]
[-0.50153387]
[-0.04657524]
[ 0.36218545]
[-0.58963722]
[-0.3385244]
[ 0.24112909]
[ 0.08321567]
[-0.03053296]
[ 0.15469591]
[ 0.11652137]
[ 0.73689735]
[ 0.48630172]
[-0.00556012]
[ 0.42436787]
[ 0.28418729]
[-0.16494226]
[-0.308833]
[ 0.16787645]
[ 0.03878727]
[ 0.01194926]
[-0.11250985]
[-0.03856904]
[-0.17049876]
[ 0.17616999]
[ 0.03603221]
[ 0.08886774]
[ 0.07244823]
[ 0.01750018]
[-0.01681422]
[-0.23689698]
[-1.16030705]
[-1.8242197]
[-1.46401584]
[ 0.107722]
[-0.10967243]
[ 0.02636473]
[ 0.24800734]
[-0.09758194]
[ 0.2313896]
[-0.02759137]
[-0.37480706]
[-0.09916156]
[-0.13969412]
[ 0.02387607]
[ 0.55964905]
[ 0.46842766]
[ 0.30307189]
[-0.01218603]
[ 0.29842505]
[ 0.25286034]
[ 0.52458811]
[-0.27132773]
[-0.02923057]
[-0.31480774]
[ 0.12784389]
[ 0.19699599]
[-0.12070905]
[ 0.1181792]
[ 0.31939784]
[-0.13562191]
[-0.12979959]
[ 0.40033403]
[-0.16798286]
[ 0.20831689]
[ 0.46054846]
[-0.25121483]
[ 0.10160488]
[-0.01702356]
[-0.54648578]
[ 0.10756285]
[ 0.27077758]
[ 0.2325702]
[-0.18124838]
[ 0.47814357]
[ 0.55232573]
[ 0.07935008]
[ 0.267286]
[ 0.35606229]
[ 0.04850493]
[-0.19040973]
[-0.00317123]
[-0.27312309]
[-0.2371248]
[-0.29997137]
[-0.08920228]
[-0.12866534]
[-0.2144558]
[ 0.14779699]
[ 0.55802119]
[-0.20926018]
[-0.17413069]
[-0.44459674]
[ 0.0459067]
[ 0.25524265]
[-0.10300247]
[-0.26338121]
[ 0.539469]
[-0.57453603]
[-0.66631097]
[ 0.14429341]
[-0.09725907]
[ 0.053057]
[ 0.24734001]
[ 0.01406039]
[-0.19736394]
[-0.03272629]
[ 0.32464615]
[-0.14499204]
[-0.11399425]
[-0.0221072]
[-0.33411077]
[-0.02080012]
[-0.23685995]
[ 0.4730714]
[ 0.24719453]
[-0.51541638]
[-0.74536151]
[ 0.32354194]
[-0.18693247]
[-0.28365675]
[ 0.04000087]
[ 0.0024099]
[-0.4948431]
[ 0.15583763]
[-0.0293166]
[-0.1075504]
[-0.27429733]
[-0.14728315]
[-0.0521954]
[ 0.2168462]
[-0.03246325]
[-0.0832644]
[-0.67088336]
[-0.27189812]
[-0.04736963]
[-0.37830964]
[-0.12821078]
[-0.15036254]
[-0.01497321]
[ 0.13418965]
[ 0.08717109]
[-1.05570042]
[-0.34646636]
[ 0.56650215]
[-0.20215201]
[-0.15178473]
[ 0.40556407]
[ 0.13221383]
[ 0.11953714]
[ 0.29869667]
[-1.01223302]
[ 0.63591707]
[ 0.1830052]
[-0.59244776]
[-0.05160369]
[ 0.22789781]
[ 0.11659909]
[ 0.36201492]
[ 0.07752169]
[-1.11454034]
[-0.17650361]
[ 0.09669379]
[-0.21454966]
[-0.11299805]
[ 0.12976371]
[-0.12476552]
[ 0.02431173]
[ 0.22759321]
[ 0.10221016]
[ 0.48915106]
[ 0.0127087]
[ 0.09234247]
[-0.03440114]
[ 0.10953791]
[-0.02116249]
[ 0.15702569]
[ 0.10679105]
[ 0.22652747]
[-0.09967989]
[-0.33170149]
[ 0.29712608]
[-0.01458952]
[-0.02655203]
[-0.19061011]
[-0.20798188]
[-0.27397138]
[-0.15231177]
[-0.14175864]
[-0.10477135]
[ 0.02410756]
[ 0.13509922]
[-0.09982434]
[-0.06707803]
[-0.19220345]
[-0.05101286]
[ 0.03537368]
[ 0.23523471]
[-0.00918398]
[ 0.11698665]
[-0.14309675]
[-0.06407595]
[-0.09239783]
[-0.00270106]
[ 0.10284861]
[ 0.16254734]
[-0.04884069]
[ 0.14187755]
[ 0.20941897]
[ 0.19931737]
[ 0.11508113]
[ 0.23959111]
[ 0.00080854]
[-0.03446119]
[-1.17652595]
[ 0.27260464]
[ 0.03930141]
[-0.1770592]
[ 0.10638905]
[ 0.32277498]
[ 0.07977089]
[ 0.28794211]
[ 0.25268397]
[-0.01489239]
[ 0.45608908]
[ 0.24643999]
[-0.29203686]
[ 0.32069999]
[ 0.52636909]
[-0.32611686]
[-0.45295292]
[ 0.1251806]
[-0.26273397]
[ 0.04528042]
[-0.05245052]
[ 0.16887453]
[ 0.32936335]
[-0.12445468]
[-0.19198161]
[ 0.41436049]
[-0.26590344]
[ 0.5227403]
[-0.28177106]
[-0.18417907]
[-0.75445569]
[-0.20646301]
[ 0.15987]
[ 0.57482195]
[-0.06419875]
[ 0.30209789]
[ 0.12585853]
[-0.00193546]
[ 0.1501164]
[ 0.15577959]
[ 0.54370737]
[-0.53463465]
[ 0.01071247]
[-0.26762712]
[-0.30061349]
[ 0.01170277]
[-0.02175252]
[ 0.07211591]
[ 0.11471487]
[-0.16691254]
[-0.92883945]
[ 0.25433141]
[-0.23937275]
[-0.36570144]
[-0.45225188]
[-0.34722832]
[-0.17881756]
[-0.09274635]
[ 0.00416161]
[-0.11858036]
[ 0.51098841]
[ 0.19673365]
[ 0.5430184]
[-0.41359627]
[-0.12719944]
[ 0.05996263]
[-0.27593738]
[-0.06698602]
[ 0.72815269]
[-0.04934566]
[ 0.26482338]
[ 0.32294682]
[ 0.00209411]
[ 0.21808238]
[-0.07615984]
[ 0.16805692]
[-0.24104582]
[-0.2806128]
[-0.00555509]
[ 0.22363059]
[-0.00860056]
[-0.18244199]
[-0.11319352]
[ 0.19602932]
[-0.54802632]
[ 0.25539225]
[ 0.63917047]
[-0.21659315]
[-0.02179675]
[-0.00470485]
[-0.11531135]
[-0.18589576]
[ 0.19303624]
[-0.25079861]
[-0.10698196]
[-0.01257527]
[ 0.53719527]
[-0.26052469]
[ 0.05552142]
[-0.50734055]
[-0.81919181]
[ 0.05660916]
[-0.28404477]
[-0.19172633]
[ 0.26029927]
[ 0.21953097]
[ 0.33633679]
[-0.05361736]
[-0.28930023]
[-0.70470756]
[-0.21896927]
[ 0.43233258]
[ 0.18584248]
[ 0.02052955]
[ 0.43799067]
[ 0.06259084]
[ 0.16827308]
[-0.41415307]
[-1.05005455]
[-0.73806775]
[ 0.37302759]
[ 0.59663922]
[ 0.55063593]
[ 0.13684691]
[ 0.31509364]
[ 0.29975674]
[ 0.17856272]
[-0.46187761]
[ 0.25545198]
[-0.07516652]
[-0.13929458]
[-0.36032233]
[-0.15852211]
[-0.34731004]
[-0.00698077]
[ 0.15118684]
[ 0.24541166]
[ 0.20442834]
[ 0.14015821]
[ 0.07734841]
[ 0.07059135]
[-0.08762684]
[ 0.02769284]
[ 0.02614895]
[-0.05554345]
[ 0.0772611]
[ 0.13661961]
[ 0.51414317]
[ 0.38844052]
[-0.1333103]
[ 0.09591026]
[ 0.13045433]
[ 0.0962068]
[ 0.29901427]
[-0.60367787]
[-0.18782282]
[-0.00309256]
[ 0.18081766]
[-0.12278675]
[ 0.07104376]
[ 0.31007576]
[-0.0750333]
[ 0.22464076]
[-0.10711438]
[ 0.14023185]
[ 0.06005683]
[ 0.4345125]
[ 0.13214685]
[-0.02003259]
[-0.13670661]
[-0.1124532]
[ 0.08010014]
[-1.52427399]
[-0.07672077]
[-0.1993088]
[-0.07647242]
[-0.1055069]
[-0.09879281]
[ 0.26006126]
[ 0.06483897]
[-0.19836672]
[-0.06327615]
[ 0.12024505]
[ 0.05532289]
[ 0.11173577]
[-0.09540532]
[ 0.09535219]
[-0.16437966]
[ 0.0168389]
[ 0.20970246]
[ 0.01348928]
[ 0.05156516]
[-0.07023633]
[-0.04043505]
[-0.11174791]
[-0.27019373]
[-0.18888158]
[ 0.00133452]
[ 0.05757912]
[ 0.19095969]
[ 0.04005268]
[-0.25743318]
[-0.33128434]
[ 0.0593587]
[-0.76974875]
[-0.99315703]
[-0.28581208]
[ 0.32960346]
[ 0.29622936]
[ 0.43858129]
[ 0.00525249]
[-0.0910781]
[ 0.13437614]
[ 0.38270494]
[-0.60606259]
[-0.41654432]
[ 0.05864882]
[ 0.19299184]
[ 0.14788365]
[-0.01945552]
[ 0.25497618]
[ 0.1913026]
[-0.03336219]
[ 0.08086194]
[ 0.21431711]
[ 0.02567497]
[ 0.05729511]
[-0.05439779]
[-0.01067274]
[-0.16100611]
[-0.13832052]
[ 0.08032803]
[ 0.06257648]
[ 0.01976334]
[-0.13679625]
[ 0.0074616]
[-0.06954622]
[ 0.04877035]
[-0.1437327]
[-0.09909773]
[ 0.2607995]
[-0.06975108]
[-0.1038979]
[-0.09130602]
[-0.09469394]
[ 0.11248253]
[ 0.07382601]
[ 0.15766218]
[ 0.2190308]
[ 0.10473695]
[ 0.07825524]
[-0.05563997]
[-0.13670377]
[ 0.08268209]
[ 0.07935522]
[ 0.05276889]
[ 0.05442892]
[ 0.01440784]
[-0.00226475]
[-0.08227264]
[ 0.06464987]
[ 0.08985117]
[ 0.05701759]
[ 0.07331662]
[-0.04335226]
[ 0.07398661]
[-0.00477291]
[-0.02327504]
[ 0.05253296]
[-0.02792769]
[ 0.11545887]
[-0.00419105]
[ 0.00711218]
[ 0.05781012]
[-0.48547605]
[-0.2307806]
[ 0.23113047]
[-0.9388274]
[-1.13007355]
[ 1.02053678]
[ 2.48758364]
[ 2.36258507]
[ 0.42109942]
[ 1.02085876]
[ 1.53326941]
[ 2.41071582]
[ 2.39951801]
[ 0.73819423]
[ 0.18999194]
[ 0.31878242]
[ 0.36088374]
[ 1.7095778]
[-0.12023237]
[ 0.59946537]
[ 2.71741629]
[ 0.06700239]
[ 0.20469856]
[ 0.25214297]
[ 0.04139845]
[ 0.19451199]
[ 0.30079356]
[ 0.42497239]
[ 0.43376476]
[ 0.17539869]
[-0.52597237]
[ 0.12982914]
[ 0.18990891]
[-0.00103741]
[-0.15794416]
[-0.21194506]
[-0.05835217]
[ 0.0660219]
[ 0.46020421]
[ 0.39040023]
[ 0.13411468]
[ 0.36613876]
[ 0.2534391]
[-0.12475339]
[ 0.20027189]
[ 0.34655082]
[ 0.13737181]
[-0.05203854]
[-0.18883549]
[ 0.00625847]
[ 0.04893522]
[-0.08943378]
[ 0.22907799]
[ 0.10317655]
[-0.07408228]
[-0.42901888]
[-0.33493519]
[-0.23080285]
[-0.13486288]
[-0.09178094]
[-0.06644588]
[-0.57250482]
[-0.05232922]
[ 0.04183487]
[ 0.05447327]
[-0.12205008]
[ 0.03386958]
[ 0.00109659]
[-0.14300442]
[-0.01451668]
[ 0.07751076]
[-0.05356523]
[-0.07075564]
[ 0.02661615]
[ 0.22076501]
[ 0.26238915]
[ 0.0655216]
[ 0.15678523]
[ 0.0541916]
[-0.17070922]
[ 0.23495439]
[ 0.0862609]
[ 0.1066462]
[ 0.18288973]
[ 0.08847295]
[-0.20105186]
[-0.03268211]
[ 0.07202952]
[ 0.13675004]
[-0.15350401]
[-0.1540647]
[ 0.06847994]
[ 0.17809743]
[ 0.24961236]
[ 0.12541743]
[-0.16616873]
[-0.14242105]
[ 0.06060745]
[-0.06133796]
[ 0.03790843]
[ 0.4018296]
[-0.02413873]
[-0.06132688]
[ 0.16296096]
[ 0.09419881]
[-0.0428043]
[ 0.14844638]
[ 0.0701256]
[-0.04981067]
[ 0.06570556]
[-0.13004409]
[-0.12258259]
[ 0.010435]
[-0.14361879]
[ 0.1444504]
[ 0.10319793]
[-0.1198539]
[-0.23431274]
[-0.09785391]
[-0.05936053]
[-0.06941407]
[-0.07645179]
[-0.09261548]
[ 0.05331773]
[ 0.01598708]
[ 0.07108298]
[ 0.06812248]
[ 0.01510328]
[ 0.09728863]
[-0.02967713]
[-0.20886303]
[ 0.06234138]
[ 0.00945515]
[-0.11545052]
[-0.09395999]
[ 0.17513812]
[ 0.00988485]
[-0.14988846]
[ 0.09656364]
[-0.10836212]
[-0.04954788]
[ 0.0720118]
[ 0.01771239]
[-0.06052791]
[ 0.07851326]
[ 0.15122573]
[ 0.04615574]
[-0.01409461]
[-0.05733737]
[-0.17721996]
[-0.20391154]
[-0.00918396]
[-0.12707724]
[ 0.09573719]
[ 0.11110594]
[ 0.15509945]
[ 0.07684667]
[ 0.027875]
[ 0.14572191]
[ 0.05830154]
[ 0.1014483]
[ 0.15414274]
[ 0.12578769]
[ 0.02749411]
[ 0.063844]
[ 0.25720814]
[-0.00917444]
[ 0.06136273]
[ 0.14356478]
[ 0.0274731]
[ 0.03728032]
[ 0.08986525]
[ 0.20710176]
[-0.08534274]
[-0.1094102]
[ 0.2097223]
[-0.16159889]
[-0.07196369]
[ 0.27579385]
[-0.01837114]
[-0.24641235]
[-0.01018345]
[-0.0157715]
[-0.07401339]
[-0.02925725]
[-0.01615512]
[-0.08709516]
[ 0.02105157]
[-0.03215047]
[-0.13761795]
[ 0.05391751]
[ 0.06518827]
[-0.22970493]
[-0.05378397]
[-0.02927115]
[-0.15894468]
[ 0.03357896]
[ 0.09077966]
[-0.23396936]
[-0.13181253]
[-0.05537997]
[ 0.04677431]
[ 0.10915761]
[-0.01192886]
[ 0.06906473]
[ 0.11498893]
[ 0.06958385]
[ 0.04981933]
[ 0.05202783]
[-0.04401346]
[-0.14570408]
[ 0.01300879]
[-0.02755877]
[-0.11575571]
[-0.04692245]
[-0.08967882]
[-0.66535896]
[-0.06636953]
[-0.02729866]
[ 0.05624284]
[ 0.00476824]
[-0.17169052]
[ 0.1334528]
[ 0.03484575]
[-0.00423618]
[-0.11981358]
[ 0.06734952]
[ 0.10736044]
[-0.08686844]
[ 0.05324063]
[-0.05172312]
[ 0.14317772]
[ 0.06997494]
[-0.24656291]
[-0.00697695]
[ 0.05281273]
[ 0.15624385]
[ 0.2607078]
[ 0.10840116]
[ 0.09136146]
[ 0.05521404]
[-0.11217754]
[-0.14800867]
[-0.18447469]
[-0.10124689]
[-0.02334865]
[-0.00311988]
[-0.07372642]
[ 0.06666964]
[ 0.04143738]
[ 0.00988441]
[-0.13849266]
[ 0.26675501]
[ 0.190942]
[-0.33496273]
[ 0.28549632]
[ 0.1342579]
[-0.21755259]
[ 0.17144489]
[ 0.24052235]
[-0.37110695]
[ 0.24568608]
[-0.27856389]
[-0.20656057]
[-0.10975604]
[-0.11478417]
[-0.18845496]
[-0.16689414]
[-0.02847468]
[-0.09992321]
[-0.01791968]
[ 0.02105471]
[-0.05559769]
[ 0.05503799]
[-0.11954755]
[-0.13456263]
[ 0.0785381]
[ 0.0020582]
[ 0.01759492]
[-0.00821432]
[-0.16562751]
[-0.03942166]
[-0.0503524]
[-0.13077942]
[ 0.01345064]
[-0.12330411]
[-0.02042866]
[ 0.06745823]
[-0.09779875]
[ 0.08094469]
[ 0.01059563]
[ 0.00881808]
[ 0.0766409]
[-0.2449777]
[ 0.03814992]
[-0.0888593]
[-0.04402411]
[-0.2209008]
[-0.09562931]
[-0.1550826]
[-0.02730346]
[-0.13924082]
[ 0.02185617]
[-0.01069808]
[-0.04182202]
[-0.11114044]
[-0.0216683]
[ 0.0086882]
[ 0.17805889]
[ 0.03434523]
[ 0.1780328]
[ 0.03334922]
[ 0.00561608]
[ 0.06757682]
[-0.08792656]
[-0.05202515]
[-0.14632459]
[-0.21492961]
[ 0.21543778]
[ 0.06933233]
[ 0.08322748]
[ 0.16429187]
[-0.07124814]
[-0.09731687]
[ 0.0669096]
[-0.0377798]
[ 0.0122531]
[ 0.03108996]
[-0.00813655]
[-0.08271368]
[-0.20598973]
[ 0.24365503]
[ 0.46623462]
[ 0.20763622]
[-0.00515218]
[ 0.05412348]
[-0.08280414]
[ 0.00908298]
[-0.18474378]
[ 0.03345307]
[-0.3212758]
[ 0.04581244]
[ 0.02613097]
[-0.17499237]
[-0.00500278]
[ 0.07339965]
[-0.01841936]
[-0.05525]
[-0.24514779]
[ 0.16903037]
[-0.09012002]
[-0.19231257]
[-0.05924308]
[-0.00934024]
[ 0.08610206]
[-0.19243163]
[-0.00285754]
[ 0.00031386]
[-0.44921494]
[-0.23142818]
[-0.32524836]
[-0.16850796]
[ 0.09642731]
[ 0.10490865]
[ 0.01044267]
[-0.0288306]
[-0.09531885]
[ 0.30138701]
[ 0.13194253]
[-0.01650811]
[ 0.0849576]
[ 0.06283032]
[ 0.12804444]
[-0.04419342]
[ 0.03053719]
[ 0.17482296]
[-0.30256397]
[-0.44729254]
[-0.19989347]
[-0.13587493]
[ 0.01391709]
[-0.00588643]
[ 0.12213479]
[ 0.10515025]
[ 0.03882108]
[-0.24749105]
[ 0.10952209]
[ 0.31635693]
[-0.01383692]
[-0.13141207]
[ 0.05160858]
[ 0.12977175]
[ 0.13527669]
[ 0.2104205]
[ 0.18999961]
[ 0.30255556]
[ 0.09350008]
[ 0.10643371]
[-0.07138471]
[ 0.09971996]
[ 0.12464998]
[ 0.07803277]
[-0.03621064]
[-0.33882567]
[-0.06658912]
[-0.20914812]
[-0.06792264]
[ 0.02698459]
[-0.07941451]
[ 0.06697793]
[ 0.11904231]
[-0.02133824]
[ 0.11334069]
[ 0.31196734]
[ 0.055082]
[ 0.02548278]
[ 0.00463652]
[ 0.22108215]
[-0.08098977]
[-0.07612578]
[ 0.12258457]
[-0.27497318]
[ 0.00838288]
[-0.20217443]
[-0.16767552]
[ 0.02317857]
[ 0.09736647]
[-0.22504185]
[-0.13291706]
[-0.04415655]
[-0.36937779]
[-0.22731641]
[-0.13779892]
[-0.02905536]
[-0.10376886]
[-0.0414229]
[-0.1294723]
[ 0.03180307]
[-0.03176786]
[-0.29295284]
[-0.04357909]
[-0.15774032]
[-0.03510711]
[ 0.04727384]
[ 0.08095519]
[-0.24222906]
[-0.2073994]
[-0.26636606]
[-0.32658765]
[-0.27376711]
[-0.21766365]
[-0.03760855]
[ 0.03027618]
[ 0.02554961]
[-0.20483381]
[-0.09565837]
[ 0.04882627]
[-0.26812404]
[-0.22501841]
[-0.28603303]
[ 0.12782161]
[-0.17696628]
[-0.1032001]
[ 0.18536022]
[-0.1467541]
[-0.1059166]
[ 0.13287443]
[ 0.25432202]
[ 0.09264104]
[ 0.10769177]
[-0.05238767]
[-0.06238283]
[ 0.03141185]
[ 0.00074146]
[-0.08007544]
[-0.07854077]
[ 0.03358283]
[-0.04264499]
[-0.25635219]
[-0.17181295]
[ 0.51235867]
[-0.09755024]
[-0.04352226]
[ 0.16392009]
[ 0.02147996]
[ 0.10093926]
[ 0.31380832]
[ 0.01988634]
[-0.07150488]
[ 0.36617282]
[ 0.14589253]
[ 0.01109713]
[ 0.18583779]
[-0.13519648]
[ 0.01585882]
[ 0.0283898]
[ 0.05782144]
[ 0.01673687]
[ 0.00250413]
[-0.05497132]
[-0.0253199]
[ 0.00458796]
[ 0.1164242]
[ 0.07616957]
[ 0.03566846]
[-0.01112725]
[ 0.14106224]
[-0.17604306]
[-0.1135271]
[ 0.00239126]
[-0.01437003]
[-0.2152496]
[ 0.02713706]
[-0.06379049]
[ 0.019337]
[-0.08502722]
[ 0.01006686]
[-0.09236119]
[ 0.03423339]
[ 0.14006218]
[ 0.11226168]
[-0.0343618]
[ 0.22466396]
[ 0.08434553]
[ 0.0165688]
[-0.05167427]
[ 0.06627276]
[-0.13823563]
[-0.0468988]
[ 0.25252035]
[ 0.07165159]
[ 0.09845904]
[-0.0422258]
[-0.03541299]
[-0.09748705]
[ 0.06063801]
[ 0.11323446]
[ 0.02565338]
[ 0.25515524]
[-0.01863888]
[ 0.2034395]
[-0.21898504]
[-0.14623871]
[ 0.13468339]
[ 0.15419786]
[ 0.04681725]
[ 0.10416603]
[-0.02439625]
[-0.19269124]
[ 0.0135317]
[-0.05342196]
[-0.03812417]
[-0.1291703]
[-0.05802058]
[-0.06163455]
[ 0.01335264]
[-0.0001531]
[-0.01129008]
[-0.10053325]
[ 0.07641787]
[ 0.08849796]
[ 0.0477282]
[-0.00117557]
[ 0.01791259]
[ 0.19163303]
[ 0.04093407]
[ 0.00307109]
[ 0.0886177]
[ 0.056458]
[ 0.09373903]
[ 0.11692005]
[-0.06852978]
[-0.05121224]
[ 0.11123939]
[-0.01660364]
[-0.06608007]
[ 0.00050997]
[ 0.23388565]
[-0.14650409]
[-0.06707244]
[ 0.05350003]
[-0.11274544]
[ 0.13931701]
[ 0.01880454]
[-0.00639516]
[ 0.12654035]
[ 0.08474975]
[ 0.01904104]
[ 0.08820131]
[ 0.07913144]
[ 0.04445344]
[ 0.09573555]
[ 0.07977307]
[-0.00211483]
[ 0.06272299]
[ 0.09591608]
[-0.0629364]
[ 0.05625015]
[ 0.08963065]
[-0.00577499]
[ 0.08596072]
[-0.0765036]
[-0.04374427]
[-0.05340242]
[-0.12395885]
[ 0.20217118]
[ 0.05952456]
[-0.04813732]
[ 0.14224499]
[ 0.01054902]
[ 0.1711964]
[ 0.00807624]
[ 0.1871331]
[ 0.18280768]
[-0.00380506]
[ 0.08475659]
[ 0.05622954]
[-0.01517022]
[ 0.14223324]
[-0.04873228]
[-0.01872934]
[-0.03036466]
[-0.53169966]
[-0.25577536]
[ 0.12667893]
[-0.15241656]
[-0.01341579]
[-0.0198372]
[-0.09757701]
[-0.11276053]
[ 0.11123998]
[ 0.05545135]
[ 0.31381124]
[ 0.26028752]
[-0.08673172]
[ 0.0325223]
[ 0.24688806]
[ 0.06228984]
[-0.00464384]
[ 0.19568375]
[ 0.08813006]
[ 0.05674536]
[ 0.13862087]
[ 0.0072122]
[ 0.02204074]
[ 0.1049038]
[ 0.15049027]
[ 0.10364234]
[ 0.1987433]
[ 0.07663881]
[ 0.06790154]
[-0.1022923]
[-0.08963358]
[-0.03883103]
[ 0.08772265]
[-0.09181894]
[-0.12553975]
[-0.02000232]
[ 0.11674105]
[ 0.07454656]
[ 0.01798448]
[-0.03559539]
[-0.08853746]
[ 0.08296224]
[ 0.2544643]
[-0.10241538]
[ 0.23234971]
[ 0.10905548]
[-0.00802744]
[-0.0379888]
[-0.10061888]
[-0.01247143]
[ 0.05862285]
[ 0.18745349]
[ 0.01218314]
[-0.15949173]
[-0.04340753]
[-0.11855376]
[-0.09760896]
[-0.02844792]
[ 0.00225441]
[-0.1040789]
[-0.08360294]
[-0.01497043]
[ 0.10729862]
[ 0.21712011]
[ 0.22420931]
[ 0.01091362]
[-0.21027867]
[ 0.0134693]
[-0.20839122]
[ 0.43269002]
[ 0.04302518]
[ 0.36173066]
[ 0.07086545]
[-0.02695631]
[ 0.02850048]
[ 0.0361066]
[-0.00810292]
[-0.03385464]
[ 0.04552523]
[-0.05122412]
[-0.03658387]
[ 0.05624498]
[ 0.04758025]
[-0.00637159]
[ 0.08588904]
[ 0.00240713]
[ 0.08124293]
[ 0.15460815]
[-0.16401085]
[ 0.1986254]
[-0.00878172]
[ 0.05907233]
[ 0.02272578]
[-0.03915367]
[ 0.1760511]
[-0.03559432]
[-0.12769945]
[ 0.02968973]
[-0.02522577]
[-0.10978768]
[-0.09022756]
[ 0.03355571]
[-0.07690293]
[-0.08218157]
[ 0.11121221]
[ 0.12174793]
[-0.0854887]
[ 0.12150027]
[-0.03651763]
[-0.04722517]
[ 0.02814145]
[ 0.0061798]
[ 0.0548371]
[ 0.05279735]
[ 0.06760195]
[ 0.09247161]
[-0.00555692]
[ 0.09966913]
[ 0.0532898]
[ 0.0580496]
[ 0.09612988]
[ 0.04107646]
[-0.03492624]
[ 0.19239593]
[-0.11920886]
[-0.03970465]
[-0.21257553]
[-0.03017379]
[-0.06112757]
[-0.02002001]
[-0.14267038]
[ 0.04992365]
[-0.10867181]
[ 0.14221615]
[ 0.18725485]
[ 0.09386639]
[-0.07068381]
[ 0.09744418]
[-0.03446216]
[-0.01056167]
[ 0.03449665]
[-0.09025079]
[-0.01248188]
[-0.07060444]
[ 0.08845107]
[-0.0235199]
[-0.01714247]
[-0.07823963]
[-0.05910781]
[ 0.01829595]
[-0.08424129]
[ 0.06842873]
[ 0.05087317]
[ 0.09769721]
[ 0.06630193]
[ 0.08649015]
[ 0.01567516]
[-0.09034907]
[ 0.11194106]
[-0.04104141]
[-0.04755188]
[ 0.04602744]
[ 0.10607234]
[-0.13233854]
[-0.15772803]
[ 0.12112293]
[-0.10929615]
[-0.15279701]
[ 0.19318599]
[ 0.11368673]
[-0.0242114]
[ 0.1530223]
[ 0.0984655]
[-0.13901535]
[ 0.03438491]
[ 0.06964546]
[ 0.06513643]
[-0.48722762]
[-0.23725486]
[-0.06117571]
[ 0.03520174]
[-0.018745]
[-0.06400447]
[ 0.09040483]
[-0.08627117]
[-0.17143233]
[ 0.0166157]
[ 0.02503041]
[ 0.12617837]
[-0.13731366]
[ 0.11777133]
[ 0.01685478]
[-0.12070405]
[-0.09154014]
[-0.04994819]
[ 0.07757521]
[-0.02082425]
[ 0.04173684]
[ 0.01679449]
[-0.12425228]
[ 0.03499419]
[ 0.13240848]
[ 0.04365717]
[-0.10192478]
[ 0.12075634]
[ 0.09327024]
[ 0.04190474]
[-0.11613445]
[ 0.0686456]
[-0.04823849]
[-0.03476657]
[-0.08681042]
[-0.09594498]
[ 0.16140781]
[-0.01203351]
[ 0.08213779]
[-0.11328371]
[-0.01172106]
[ 0.07350025]
[-0.08199323]
[-0.05011174]
[ 0.07752188]
[ 0.0464687]
[-0.03314247]
[-0.04855643]
[ 0.05749924]
[-0.04766211]
[-0.07517541]
[ 0.07658162]
[-0.10625263]
[-0.00054599]
[ 0.21141855]
[-0.05313994]
[-0.08650331]
[ 0.06280937]
[-0.0104129]
[-0.13102923]
[-0.03003283]
[-0.04819655]
[-0.07880539]
[ 0.03046711]
[-0.01997501]
[ 0.07450316]
[ 0.11447801]
[-0.21211453]
[ 0.03710243]
[ 0.04680184]
[-0.21738079]
[ 0.01009593]
[ 0.05547453]
[-0.12055054]
[ 0.03904149]
[ 0.02495339]
[-0.09486473]
[-0.14920968]
[ 0.00618944]
[-0.01376413]
[-0.07463853]
[ 0.08438302]
[ 0.05867514]
[-0.04777738]
[ 0.10333054]
[ 0.00114984]
[-0.08392599]
[ 0.03033697]
[-0.03437278]
[-0.01390487]
[ 0.03271843]
[-0.09887297]
[-0.00952278]
[-0.17511864]
[ 0.1376133]
[ 0.16206107]
[-0.01750205]
[ 0.10485969]
[ 0.08667231]
[-0.28911546]
[-0.07022542]
[-0.03687473]
[ 0.06542989]
[ 0.14439493]
[ 0.16889651]
[-0.14522678]
[-0.09654128]
[-0.01656873]
[-0.07806749]
[-0.04138251]
[-0.05392876]
[ 0.14461309]
[ 0.34623465]
[ 0.26578966]
[ 0.02958968]
[ 0.02643389]
[ 0.06359115]
[ 0.19063039]
[ 0.16313481]
[ 0.19625628]
[ 0.1039352]
[ 0.08446933]
[ 0.25725546]
[ 0.16242354]
[-0.0315341]
[ 0.08750537]
[-0.0236922]
[-0.10042144]
[-0.05629455]
[-0.22542968]
[-0.20699771]
[-0.32318014]
[ 0.00707142]
[ 0.01870718]
[-0.01243263]
[-0.09123193]
[ 0.07690914]
[ 0.07349037]
[ 0.21105056]
[ 0.17618784]
[ 0.16807194]
[-0.02321394]
[ 0.00976841]
[ 0.02927521]
[-0.01456239]
[-0.12422565]
[-0.0548317]
[-0.18407924]
[-0.03001884]
[-0.1160182]
[ 0.15872358]
[ 0.01097548]
[ 0.08562002]
[-0.03859732]
[ 0.11000095]
[-0.00314319]
[-0.15255827]
[-0.11854475]
[-0.13906246]
[-0.04232689]
[ 0.00826973]
[-0.1237654]
[-0.05523616]
[-0.03267995]
[ 0.05680843]
[ 0.02193734]
[ 0.0569469]
[-0.42230049]
[ 0.04403814]
[ 0.09196267]
[-0.0496379]
[-0.07555294]
[ 0.07992522]
[-0.01667494]
[ 0.17682496]
[-0.26496214]
[-0.11315636]
[ 0.00757493]
[-0.06100842]
[ 0.0054973]
[-0.00313841]
[ 0.15968341]
[-0.02606767]
[-0.07617816]
[-0.13228571]
[-0.14105122]
[-0.12426284]
[-0.18156058]
[-0.18557341]
[-0.06271405]
[-0.11965406]
[-0.15920492]
[-0.04118513]
[-0.02094999]
[-0.06524326]
[ 0.01023147]
[-0.01511704]
[-0.07859413]
[ 0.04654231]
[-0.06087916]
[ 0.05928445]
[-0.04946844]
[-0.01166332]
[-0.08163042]
[ 0.05421738]
[-0.04658319]
[ 0.05395741]
[ 0.10179911]
[-0.03927469]
[ 0.02358205]
[-0.02515978]
[-0.11031944]
[-0.08732031]
[ 0.17850246]
[ 0.08160915]
[ 0.13483523]
[-0.0169283]
[ 0.00904126]
[-0.00105953]
[-0.0793016]
[-0.02203921]
[-0.01790582]
[ 0.10931818]
[ 0.11075508]
[ 0.0733936]
[-0.00697288]
[ 0.07159753]
[ 0.02381631]
[-0.08895122]
[ 0.00610274]
[-0.08265603]
[ 0.01185251]
[ 0.10733932]
[ 0.05927892]
[-0.02559557]
[-0.04641654]
[ 0.03164138]
[-0.09163229]
[-0.08877546]
[-0.14346679]
[ 0.04062478]
[ 0.184117]
[-0.20464377]
[-0.1329717]
[-0.00458801]
[-0.18746951]
[ 0.03270454]
[ 0.03256718]
[ 0.03963238]
[ 0.00950758]
[-0.05238705]
[-0.02863001]
[ 0.01623993]
[-0.05780961]
[-0.13333209]
[-0.06256161]
[ 0.0196325]
[-0.08157123]
[-0.01154669]
[ 0.0432533]
[-0.02622248]
[ 0.00481031]
[ 0.00745427]
[-0.04061482]
[-0.03075534]
[-0.18497571]
[ 0.20920104]
[ 0.05456959]
[-0.0516146]
[ 0.03582906]
[-0.00171813]
[-0.1089761]
[-0.00541159]
[ 0.03558091]
[ 0.03743055]
[-0.03667665]
[-0.04675391]
[ 0.04919068]
[-0.06387006]
[-0.07985816]
[ 0.0109186]
[-0.03756467]
[-0.08218749]
[-0.07924011]
[ 0.03750226]
[-0.05753973]
[-0.04437886]
[ 0.00234138]
[-0.03302228]
[-0.05138744]
[ 0.0227993]
[-0.10488007]
[ 0.02848821]
[ 0.06101607]
[-0.11445528]
[ 0.01947567]
[ 0.0790802]
[-0.01752188]
[ 0.00868374]
[ 0.05006569]
[ 0.00104699]
[-0.05706893]
[-0.05580138]
[ 0.01092561]
[ 0.00602804]
[ 0.02599707]
[ 0.06374518]
[ 0.07079111]
[-0.06334405]
[ 0.13265225]
[-0.00106698]
[-0.09899858]
[ 0.10563228]
[-0.07299809]
[-0.00423796]
[-0.03364]
[-0.04968461]
[ 0.08912604]
[ 0.08428147]
[-0.15547232]
[ 0.03142647]
[ 0.00381178]
[-0.03097061]
[ 0.10560115]
[ 0.03008413]
[-0.16363822]
[ 0.1015275]
[ 0.06532671]
[-0.03632385]
[-0.07349357]
[ 0.06371927]
[-0.04163688]
[-0.07729732]
[ 0.05258857]
[-0.04430732]
[-0.01359377]
[-0.00071039]
[ 0.00933411]
[ 0.02100487]
[ 0.00562798]
[-0.04221068]
[ 0.05349579]
[-0.04987555]
[-0.04581385]
[ 0.03523629]
[-0.11810823]
[ 0.05655856]
[ 0.05997044]
[-0.07375411]
[-0.00596217]
[ 0.0675971]
[-0.06345963]
[-0.02841105]
[-0.04303363]
[-0.04166546]
[ 0.02643634]
[ 0.0454938]
[ 0.0295252]
[ 0.04049912]
[-0.00696579]
[ 0.07280976]
[ 0.04355219]
[-0.02003066]
[-0.01103277]
[-0.00752743]
[ 0.02007415]
[-0.07357626]
[ 0.02218508]
[ 0.06376711]
[-0.03547935]
[ 0.03005326]
[ 0.08339838]
[-0.04720602]
[-0.00614912]
[ 0.03026558]
[-0.03019824]
[-0.02943204]
[-0.01013676]
[ 0.00256669]
[-0.04519594]
[ 0.00184461]
[ 0.11852269]
[-0.12772293]
[-0.06018687]
[ 0.10942738]
[-0.05245531]
[-0.05035776]
[ 0.0697074]
[-0.03363036]
[-0.12151247]
[ 0.04073714]
[ 0.11713288]
[ 0.15825053]
[-0.28878501]
[-0.52530622]
[-0.36862198]
[ 0.08482131]
[-0.03066147]
[-0.02835405]
[-0.02907029]
[ 0.07263869]
[-0.08724601]
[-0.01223084]
[-0.14721166]
[-0.06456781]
[ 0.06265324]
[ 0.12401406]
[ 0.09103776]
[ 0.05980169]
[ 0.05663124]
[-0.14845124]
[ 0.08675701]
[ 0.1271513]
[-0.03032094]
[-0.04741909]
[-0.07999666]
[-0.16690937]
[-0.12038118]
[ 0.07088311]
[ 0.04231902]
[ 0.09277344]
[ 0.03501434]
[ 0.07503487]
[-0.07376123]
[-0.14494599]
[-0.15636165]
[ 0.05675133]
[ 0.12493222]
[ 0.2027116]
[-0.08109577]
[-0.08244761]
[ 0.12228425]
[-0.02995876]
[-0.26421377]
[-0.20609896]
[ 0.02805152]
[ 0.05885106]
[-0.01149015]
[ 0.05452313]
[ 0.08418635]
[ 0.10376374]
[-0.16414547]
[ 0.00223215]
[-0.07206984]
[ 0.25245467]
[-0.04509563]
[ 0.06651161]
[ 0.05058357]
[ 0.05523508]
[ 0.14454183]
[ 0.00180357]
[-0.03125073]
[ 0.00065084]
[-0.1600478]
[-0.0465272]
[ 0.05602131]
[ 0.03498853]
[ 0.07833691]
[ 0.36245295]
[-0.11565997]
[ 0.0639158]
[ 0.20207638]
[-0.08761054]
[-0.14137633]
[-0.002199]
[ 0.03715377]
[ 0.04295058]
[-0.11536566]
[-0.0955395]
[-0.01179552]
[-0.02852936]
[-0.03902478]
[-0.01677011]
[ 0.00306339]
[-0.00745435]
[-0.02406633]
[ 0.03616005]
[ 0.05901132]
[-0.00527602]
[ 0.0395397]
[-0.05021069]
[ 0.21247254]
[-0.05694187]
[ 0.0498668]
[ 0.03342016]
[ 0.05883481]
[-0.07060296]
[ 0.02422001]
[-0.03331468]
[-0.01968478]
[ 0.0606664]
[-0.17152455]
[-0.12778962]
[ 0.03775354]
[-0.06330411]
[-0.07341404]
[ 0.0084746]
[-0.08270166]
[-0.0624839]
[-0.03269586]
[-0.11394613]
[-0.12659757]
[ 0.12105964]
[ 0.02411106]
[-0.05729827]
[-0.11621798]
[-0.19526164]
[ 0.01446601]
[ 0.02069684]
[-0.03940542]
[ 0.02896107]
[ 0.03919093]
[ 0.01315161]
[-0.11523043]
[-0.07292592]
[-0.123329]
[-0.04547994]
[ 0.03717754]
[-0.02582547]
[ 0.00330613]
[-0.05581718]
[-0.06404177]
[-0.13468808]
[-0.12814093]
[-0.05221326]
[-0.14820899]
[-0.06146438]
[-0.05280698]
[ 0.10814634]
[ 0.02115599]
[-0.0629519]
[ 0.00868337]
[-0.2495867]
[ 0.12460236]
[ 0.01293941]
[ 0.14892225]
[ 0.13571994]
[ 0.07019261]
[ 0.0045165]
[ 0.09160413]
[-0.14731812]
[-0.13041212]
[-0.03283781]
[ 0.28928778]
[-0.10930715]
[-0.3235648]
[-0.00126445]
[-0.2286154]
[-0.19116846]
[ 0.33423749]
[-0.11993683]
[-0.10895182]
[ 0.13151887]
[-0.01447695]
[ 0.04591017]
[ 0.02557524]
[ 0.05645739]
[ 0.09937404]
[ 0.09524215]
[ 0.25023025]
[-0.01570484]
[ 0.01369799]
[-0.05954031]
[-0.05713163]
[ 0.28819171]
[ 0.11713242]
[ 0.0551558]
[ 0.14885958]
[ 0.11465228]
[ 0.23958403]
[-0.01135759]
[-0.08438051]
[-0.02663253]
[ 0.08237918]
[-0.1014875]
[ 0.11271136]
[-0.03976988]
[-0.16741103]
[ 0.13207762]
[-0.14677463]
[-0.06365713]
[-0.0081744]
[ 0.19723073]
[-0.11072987]
[ 0.02418538]
[ 0.092174]
[ 0.25782824]
[ 0.06366012]
[ 0.13825023]
[ 0.16962963]
[ 0.06630431]
[-0.10842836]
[ 0.06783769]
[ 0.04341833]
[-0.01618858]
[-0.03182253]
[-0.07576167]
[-0.03372749]
[ 0.07718601]
[-0.06754999]
[-0.0555371]
[-0.09224782]
[ 0.186067]
[-0.04955759]
[-0.19500849]
[ 0.14665495]
[ 0.20026311]
[ 0.11273818]
[ 0.11168046]
[ 0.16837624]
[-0.02636819]
[ 0.24623118]
[ 0.1841467]
[-0.02134089]
[ 0.24394059]
[ 0.02791344]
[-0.09944196]
[ 0.00386588]
[-0.0806325]
[-0.05513583]
[-0.10896307]
[-0.16434774]
[-0.11417583]
[-0.12624167]
[ 0.07332114]
[ 0.0528668]
[ 0.07181927]
[ 0.10943972]
[-0.02381481]
[ 0.100674]
[ 0.22029623]
[ 0.19726637]
[ 0.30668306]
[-0.10537141]
[-0.10430484]
[-0.00903882]
[ 0.08417305]
[-0.17885578]
[ 0.08339965]
[ 0.04782213]
[ 0.05186245]
[-0.09594945]
[ 0.13327071]
[-0.07986114]
[-0.03544232]
[ 0.1549087]
[ 0.10456082]
[ 0.15341468]
[ 0.05545336]
[-0.07978986]
[ 0.2274417]
[-0.0327683]
[-0.02296303]
[ 0.10804261]
[ 0.03606015]
[ 0.03902108]
[ 0.18585847]
[ 0.00067023]
[-0.00889032]
[ 0.08611795]
[ 0.0222619]
[-0.06866061]
[ 0.06450842]
[-0.07258672]
[ 0.04027162]
[ 0.07123642]
[ 0.02223395]
[-0.02200776]
[ 0.00839389]
[-0.05218341]
[-0.09883443]
[-0.1569518]
[-0.04179091]
[ 0.19163258]
[-0.00650822]
[-0.00173311]
[ 0.0447497]
[-0.16859552]
[ 0.0255038]
[ 0.02087676]
[ 0.01364662]
[ 0.08522535]
[-0.05737409]
[-0.05454155]
[ 0.01138029]
[-0.00465094]
[-0.29348272]
[-0.11273896]
[-0.05414664]
[-0.1256993]
[ 0.08188926]
[-0.09448256]
[-0.07748233]
[-0.13473208]
[-0.11231095]
[-0.10686217]
[-0.02820675]
[-0.00998197]
[ 0.33938491]
[ 0.05247746]
[ 0.01692521]
[-0.00523524]
[-0.07703933]
[ 0.0421242]
[-0.02399665]
[ 0.32384661]
[-0.04812482]
[-0.20977299]
[ 0.06711432]
[-0.10921872]
[-0.06823788]
[ 0.16550818]
[-0.00812412]
[-0.14056157]
[ 0.22385079]
[ 0.1076918]
[ 0.42035154]
[ 0.02060052]
[ 0.07062031]
[ 0.08167537]
[ 0.15400663]
[ 0.11885903]
[ 0.18000755]
[ 0.16475876]
[ 0.06346335]
[-0.02261883]
[-0.05233492]
[-0.07041413]
[-0.24516729]
[ 0.01207096]
[-0.03704242]
[-0.14337733]
[-0.11579669]
[-0.13403073]
[ 0.14674689]
[ 0.04909897]
[-0.16707578]
[ 0.15708047]
[ 0.07449509]
[-0.12195138]
[ 0.14342366]
[ 0.02081067]
[-0.09395827]
[ 0.13084181]
[ 0.02356466]
[ 0.08519359]
[ 0.25839099]
[-0.14585677]
[-0.03546488]
[ 0.16835897]
[ 0.1302214]
[-0.07547525]
[ 0.73411351]
[ 0.12003972]
[-0.28107974]
[-0.01139721]
[ 0.19661665]
[-0.24605875]
[ 0.26769033]
[ 0.09452984]
[-0.16811804]
[ 0.00316264]
[ 0.06121513]
[-0.10241877]
[-0.08432032]
[ 0.09495109]
[-0.21143846]
[-0.11216294]
[ 0.03785104]
[-0.10709836]
[-0.303913]
[ 0.15386318]
[-0.07941593]
[-0.05803498]
[ 0.1848992]
[ 0.05174927]
[ 0.02727593]
[ 0.08428258]
[ 0.00336959]
[ 0.16861928]
[ 0.08180761]
[ 0.14295286]
[-0.00779193]
[ 0.22270913]
[-0.06668729]
[ 0.13071597]
[-0.08970805]
[-0.09404784]
[ 0.14719547]
[-0.02520802]
[-0.10835104]
[ 0.09858695]
[ 0.08863023]
[-0.09126655]
[-0.1329204]
[ 0.10153769]
[-0.12610358]
[-0.03867387]
[-0.00483884]
[-0.04731545]
[-0.23905945]
[-0.08936356]
[-0.07155996]
[-0.06388639]
[ 0.13631849]
[-0.05435099]
[ 0.11933526]
[ 0.00598316]
[-0.1360144]
[-0.03639472]
[ 0.00240648]
[-0.05470969]
[-0.01778022]
[ 0.07301116]
[ 0.19898409]
[-0.01847284]
[-0.00324416]
[-0.08163539]
[-0.14038755]
[-0.25871095]
[-0.02761522]
[-0.25014889]
[-0.06924475]
[-0.18871731]
[-0.18466143]
[-0.03791374]
[-0.10937333]
[-0.00706907]
[-0.03248372]
[-0.13798463]
[-0.23832491]
[ 0.04749803]
[-0.02111316]
[-0.0799725]
[ 0.32376766]
[ 0.28128859]
[ 0.13317434]
[-0.03309899]
[-0.03305198]
[-0.04986482]
[ 0.08373643]
[ 0.07382555]
[-0.28420278]
[ 0.00386636]
[ 0.04558291]
[ 0.12460708]
[-0.19218859]
[ 0.05592768]
[ 0.05273601]
[-0.03897595]
[-0.106991]
[-0.07857375]
[ 0.19544038]
[ 0.16858853]
[-0.00329052]
[ 0.14848128]
[ 0.23595162]
[ 0.18334441]
[-0.16010307]
[-0.05475473]
[-0.01301728]
[-0.15813728]
[-0.15537493]
[-0.08001839]
[-0.22109358]
[-0.26285285]
[-0.12690984]
[-0.17561939]
[-0.25163409]
[-0.28086284]
[ 0.16569358]
[ 0.04930695]
[-0.04385471]
[ 0.12358998]
[ 0.12816204]
[ 0.11647379]
[-0.20929579]
[ 0.10867679]
[ 0.24011964]
[ 0.08058852]
[-0.08116873]
[ 0.00115266]
[ 0.13536851]
[ 0.1428463]
[-0.09380696]
[ 0.02677636]
[ 0.27699557]
[ 0.15547176]
[-0.08431771]
[-0.05592752]
[ 0.13077322]
[-0.08570466]
[-0.11782907]
[ 0.12937248]
[-0.13371587]
[-0.1857461]
[-0.15868071]
[ 0.15086409]
[ 0.02107552]
[ 0.24324197]
[ 0.18502837]
[-0.03227827]
[ 0.28484607]
[-0.04320211]
[-0.04099024]
[-0.04362279]
[-0.09472492]
[-0.07991315]
[-0.07829425]
[-0.07496598]
[-0.04867813]
[-0.13012813]
[-0.1034473]
[ 0.00611145]
[-0.11258981]
[ 0.08721744]
[ 0.10767584]
[ 0.0968819]
[ 0.17972766]
[ 0.19225839]
[ 0.20981653]
[-0.08797759]
[-0.07325456]
[-0.09991599]
[ 0.10194741]
[-0.01791774]
[-0.05010813]
[ 0.06631878]
[ 0.10602872]
[-0.06841081]
[-0.13149133]
[-0.08662495]
[-0.08575809]
[ 0.10617983]
[ 0.03343358]
[ 0.06336792]
[ 0.11228751]
[-0.0055008]
[-0.07927734]
[-0.00997723]
[ 0.01110046]
[ 0.02182625]
[ 0.10945994]
[ 0.17362]
[ 0.14717361]
[ 0.12562311]
[ 0.1234186]
[ 0.1283399]
[-0.00105185]
[-0.09050705]
[-0.13536949]
[ 0.06558015]
[ 0.05053741]
[ 0.02800464]
[ 0.07322112]
[ 0.11717057]
[ 0.03290449]
[ 0.0485642]
[-0.02253388]
[ 0.31403801]
[-0.27195382]
[-0.40751767]
[-0.09950585]
[-0.21583728]
[-0.1538509]
[-0.0030587]
[-0.06222111]
[-0.0160184]
[-0.0069563]
[-0.15346359]
[-0.15395978]
[-0.10837393]
[-0.24068983]
[ 0.02816755]
[-0.05759438]
[-0.20127515]
[ 0.13363403]
[-0.0039831]
[-0.07308177]
[ 0.06907769]
[ 0.05291387]
[-0.10249315]
[-0.09812183]
[-0.16726899]
[ 0.1802817]
[ 0.05664957]
[-0.17268644]
[-0.03784788]
[ 0.05075027]
[ 0.12429032]
[ 0.0288859]
[-0.19369774]
[ 0.15753825]
[-0.15789557]
[-0.15101956]
[-0.26580408]
[-0.10720954]
[-0.11320539]
[-0.1490199]
[-0.06849402]
[-0.21203154]
[-0.20987226]
[-0.08663296]
[-0.16557209]
[-0.20969996]
[-0.23867267]
[ 0.02907461]
[ 0.00264954]
[-0.24994536]
[-0.03944144]
[ 0.17945956]
[-0.22440538]
[ 0.02368283]
[ 0.15481576]
[-0.09914914]
[ 0.17770748]
[ 0.10391475]
[-0.08328771]
[-0.06024319]
[-0.25806335]
[-0.04640015]
[-0.18610008]
[ 0.09055499]
[ 0.04495655]
[-0.10522118]
[ 0.10259897]
[ 0.22784451]
[-0.17558813]
[-0.2735095]
[ 0.05557811]
[-0.01084749]
[-0.0150993]
[ 0.27970073]
[ 0.0559944]
[-0.08055677]
[ 0.14031373]
[ 0.18735345]
[-0.02428214]
[ 0.25732613]
[-0.20313451]
[ 0.10459125]
[ 0.30925658]
[-0.02888219]
[ 0.1152673]
[ 0.0361455]
[-0.21303384]
[ 0.04242675]
[ 0.04934813]
[ 0.06105667]
[ 0.02665122]
[ 0.04246505]
[-0.0014397]
[-0.00163154]
[ 0.04390852]
[-0.01233984]
[-0.01378697]
[ 0.12321306]
[ 0.009822]
[ 0.05235371]
[ 0.00683004]
[ 0.03042372]
[ 0.06470514]
[-0.22529937]
[-0.02744597]
[-0.0641671]
[-0.07711549]
[-0.12750576]
[-0.00901777]
[-0.2094048]
[-0.11373404]
[-0.05496301]
[-0.4064416]
[-0.27615911]
[-0.15108305]
[-0.01696479]
[-0.06660381]
[ 0.11799952]
[-0.01073922]
[-0.08208805]
[ 0.07540559]
[-0.00272135]
[-0.03022037]
[-0.04540345]
[-0.03875129]
[-0.02325628]
[-0.11044151]
[-0.05771474]
[-0.00821881]
[-0.09513585]
[-0.19114926]
[-0.13397813]
[-0.03696436]
[-0.17730431]
[-0.14520235]
[-0.09482031]
[-0.21536487]
[-0.0053616]
[-0.07662293]
[-0.17307977]
[-0.04589076]
[-0.12043346]
[-0.05576716]
[ 0.06162129]
[ 0.11248752]
[-0.03791444]
[-0.05433018]
[ 0.01185445]
[ 0.15510319]
[-0.10821043]
[-0.24598926]
[ 0.02970407]
[ 0.05361085]
[ 0.07590429]
[-0.10351229]
[-0.05428119]
[-0.11727229]
[-0.21352217]
[-0.2524825]
[-0.30040234]
[-0.06261981]
[-0.07319707]
[-0.13667694]
[-0.11506689]
[-0.12215125]
[-0.10936381]
[ 0.01072897]
[-0.02497217]
[-0.03769034]
[ 0.03321638]
[ 0.04664247]
[ 0.07579469]
[-0.02154963]
[-0.04145079]
[-0.01809665]
[ 0.00816651]
[ 0.05440878]
[-0.12800749]
[-0.00924012]
[ 0.00578068]
[-0.01855486]
[ 0.10691413]
[ 0.10488085]
[ 0.03967053]
[-0.17362881]
[-0.00847958]
[ 0.05443728]
[ 0.03476789]
[-0.0151211]
[-0.03716242]
[-0.11608772]
[ 0.01819836]
[ 0.04128242]
[-0.28065538]
[-0.28493023]
[-0.30269209]
[ 0.04479944]
[ 0.03648871]
[-0.03697072]
[ 0.01716512]
[ 0.02589283]
[ 0.01035293]
[ 0.05245909]
[ 0.05196949]
[ 0.09068117]
[ 0.03087786]
[-0.02171527]
[-0.02023691]
[ 0.10092472]
[ 0.02124519]
[ 0.13866867]
[ 0.05668772]
[ 0.08771671]
[ 0.01560467]
[ 0.01029628]
[-0.04234095]
[ 0.01639494]
[-0.04057922]
[-0.08508335]
[ 0.05828742]
[ 0.06670958]
[ 0.15195778]
[ 0.30794272]
[-0.03629361]
[ 0.03243451]
[ 0.03816701]
[-0.00077162]
[ 0.16492933]
[ 0.11815006]
[-0.19505052]
[ 0.07057831]
[-0.26125666]
[-0.04356105]
[-0.08247728]
[-0.07423548]
[-0.08015437]
[-0.03706437]
[-0.07262009]
[-0.05617707]
[-0.07114042]
[-0.01852819]
[ 0.08620383]
[ 0.0342375]
[ 0.10955615]
[ 0.01390957]
[ 0.00247437]
[-0.01544775]
[ 0.09125381]
[-0.04409713]
[ 0.10499694]
[-0.01470361]
[ 0.02923493]
[ 0.06856088]
[-0.0548084]
[ 0.01766829]
[-0.03269144]
[-0.06385093]
[-0.04860011]
[-0.11514085]
[ 0.04848302]
[-0.02160916]
[-0.05561188]
[ 0.06060478]
[-0.04410481]
[-0.0219236]
[-0.15515499]
[-0.01658607]
[ 0.02469601]
[ 0.0375181]
[ 0.00501642]
[ 0.07366088]
[ 0.06511816]
[ 0.06759576]
[ 0.02141771]
[-0.01021036]
[-0.06509604]
[-0.10514066]
[-0.00228362]
[ 0.02981473]
[-0.0150152]
[ 0.01088685]
[ 0.06476676]
[ 0.03087395]
[-0.11090022]
[-0.19093563]
[-0.18296169]
[-0.00973947]
[-0.00286256]
[-0.03461598]
[-0.15708894]
[-0.06650656]
[-0.17193474]
[ 0.16870803]
[ 0.1616095]
[ 0.22310896]
[ 0.13079332]
[-0.03788252]
[-0.12992439]
[-0.00668911]
[ 0.00961393]
[-0.10174096]
[ 0.06260642]
[-0.03313749]
[ 0.02260648]
[-0.14919122]
[-0.04781088]
[ 0.23714684]
[-0.09800981]
[-0.11328819]
[ 0.04068948]
[-0.25956878]
[-0.02906277]
[-0.05267723]
[ 0.03576143]
[ 0.02864707]
[ 0.14045723]
[-0.09544934]
[-0.0845715]
[-0.03437525]
[-0.07511079]
[-0.10341801]
[-0.01971414]
[-0.12324488]
[ 0.07013527]
[-0.06335782]
[-0.11797173]
[ 0.00852581]
[ 0.05587269]
[-0.18664627]
[ 0.08615186]
[-0.25968251]
[-0.20378883]
[-0.11049329]
[-0.20713612]
[-0.07401051]
[ 0.07334703]
[-0.04378095]
[-0.25915024]
[-0.07755841]
[-0.04211119]
[-0.12153438]
[-0.00381471]
[-0.0105067]
[-0.03706781]
[ 0.22134894]
[ 0.08513538]
[-0.13505916]
[ 0.22235967]
[-0.11564432]
[-0.26043412]
[-0.09984304]
[ 0.01730126]
[ 0.15637463]
[-0.12294133]
[-0.00259855]
[-0.1560888]
[-0.20360051]
[-0.090207]
[ 0.15664247]
[-0.19247749]
[-0.13992909]
[ 0.02361374]
[-0.12667195]
[-0.11075858]
[ 0.01041712]
[ 0.04947187]
[-0.10569636]
[-0.0903053]
[-0.12341566]
[-0.01509651]
[ 0.18842793]
[ 0.05390484]
[ 0.16095693]
[ 0.00350806]
[-0.14315626]
[-0.09151974]
[-0.03151568]
[ 0.05914157]
[ 0.09735749]
[ 0.05359973]
[ 0.05108445]
[ 0.15290014]
[ 0.07881203]
[ 0.18107739]
[ 0.06235071]
[-0.1423634]
[-0.14801045]
[-0.16627528]
[-0.26868391]
[-0.01882719]
[-0.0805611]
[-0.06563483]
[ 0.16372608]
[ 0.04791293]
[ 0.04910682]
[ 0.11487921]
[ 0.06803484]
[-0.03772486]
[ 0.01819815]
[ 0.01188685]
[ 0.03003019]
[ 0.05552957]
[ 0.00392651]
[ 0.11852063]
[-0.00189815]
[-0.04846647]
[ 0.03534678]
[ 0.01548338]
[-0.09023946]
[ 0.12786096]
[ 0.14230788]
[ 0.06441969]
[ 0.0017992]
[-0.00501128]
[-0.20015162]
[ 0.01276939]
[ 0.05537449]
[-0.0184695]
[ 0.07229718]
[ 0.02400438]
[ 0.00030772]
[ 0.14346012]
[ 0.04874004]
[ 0.08056436]
[-0.02782248]
[-0.13532473]
[ 0.06234305]
[-0.08837757]
[-0.07282014]
[ 0.04349851]
[-0.34454587]
[ 0.05786021]
[ 0.06927146]
[-0.04776783]
[ 0.13229424]
[ 0.11980323]
[-0.27218109]
[-0.27277508]
[-0.17880753]
[-0.0692801]
[-0.09923292]
[ 0.10590341]
[ 0.04668218]
[-0.01716346]
[ 0.14545028]
[ 0.05172005]
[ 0.08758078]
[ 0.16141303]
[-0.18910536]
[ 0.5064109]
[ 0.29266307]
[-0.07538699]
[ 0.32449293]
[-0.06558868]
[ 0.12110522]
[ 0.07313334]
[-0.01283619]
[ 0.1890604]
[ 0.32398438]
[-0.2294867]
[-0.05754643]
[ 0.09060504]
[-0.29233915]
[ 0.35383499]
[-0.07797692]
[-0.30917504]
[-0.03675289]
[ 0.00342438]
[-0.01336902]
[-0.12690589]
[-0.01738852]
[ 0.01623403]
[-0.21790747]
[-0.02616515]
[-0.1051558]
[ 0.22920354]
[-0.0283177]
[-0.00080525]
[ 0.10246267]
[ 0.22398777]
[ 0.20071954]
[ 0.32601497]
[ 0.25954318]
[ 0.2313644]
[ 0.15519738]
[ 0.0136859]
[ 0.04449759]
[-0.07457706]
[ 0.07383323]
[ 0.19430089]
[-0.16549976]
[-0.01047991]
[-0.25807211]
[-0.19405313]
[-0.1594352]
[-0.24669854]
[ 0.01874652]
[ 0.26217216]
[-0.0235273]
[-0.28936234]
[-0.29193795]
[ 0.10538318]
[-0.3190791]
[ 0.30821887]
[-0.01922737]
[-0.02600052]
[ 0.25945181]
[-0.1566553]
[ 0.11141204]
[ 0.30548099]
[-0.22531174]
[-0.0315145]
[ 0.08434516]
[-0.01229436]
[ 0.17617615]
[ 0.15766843]
[-0.04683699]
[-0.12297965]
[-0.06549228]
[-0.29980698]
[ 0.02435575]
[-0.09590152]
[ 0.03485493]
[ 0.02101342]
[-0.11382143]
[-0.04479257]
[-0.00318642]
[-0.00339806]
[-0.00131177]
[ 0.03192346]
[-0.11982389]
[ 0.04852825]
[-0.0362864]
[ 0.18158385]
[ 0.0419406]
[-0.03251782]
[ 0.10409843]
[ 0.10609188]
[ 0.06943002]
[ 0.21295398]
[ 0.20546156]
[ 0.14679088]
[ 0.21272059]
[-0.02898702]
[-0.0254262]
[ 0.06122741]
[ 0.08811975]
[ 0.04281581]
[-0.03668121]
[ 0.00104764]
[-0.16737393]
[-0.03567899]
[ 0.05876711]
[-0.07968349]
[ 0.0722036]
[ 0.18484825]
[-0.11243426]
[-0.00188275]
[-0.14264356]
[-0.08484725]
[-0.12033918]
[ 0.0083443]
[-0.0781318]
[-0.08859302]
[-0.04880561]
[-0.07029185]
[ 0.01428847]
[ 0.02347973]
[-0.14431961]
[-0.09276713]
[ 0.07979359]
[-0.01170442]
[ 0.04756655]
[ 0.11262611]
[-0.19466826]
[ 0.17157476]
[-0.13796599]
[ 0.05556795]
[ 0.09826853]
[-0.06409265]
[-0.14902756]
[-0.10950367]
[-0.2157758]
[ 0.03131373]
[ 0.08048948]
[-0.03219762]
[ 0.08788159]
[ 0.04016853]
[ 0.04826627]
[ 0.02820343]
[ 0.16503823]
[ 0.12418506]
[ 0.06401413]
[ 0.09404676]
[ 0.14614418]
[ 0.0007392]
[ 0.00920236]
[ 0.06146569]
[-0.06597374]
[ 0.06026893]
[ 0.21471597]
[-0.14103653]
[-0.0708239]
[ 0.00885249]
[-0.14175193]
[-0.25344416]
[-0.03292502]
[ 0.15898611]
[-0.14905328]
[ 0.30103129]
[-0.0865865]
[ 0.07709881]
[-0.09312086]
[-0.08808839]
[-0.0134829]
[ 0.0191208]
[ 0.08550271]
[-0.2227297]
[-0.28252724]
[ 0.2535418]
[ 0.22848487]
[-0.03170823]
[ 0.31706184]
[ 0.35769638]
[ 0.03982989]
[ 0.49509519]
[ 0.27557322]
[ 0.14865182]
[ 0.13444789]
[ 0.0967189]
[-0.10275327]
[-0.03429073]
[ 0.25269812]
[ 0.08293957]
[-0.05115076]
[-0.1316826]
[ 0.02673186]
[-0.04059551]
[ 0.19755957]
[ 0.13617672]
[-0.20751274]
[-0.18024668]
[ 0.11477142]
[-0.18456428]
[-0.25642797]
[-0.17794082]
[-0.00486124]
[ 0.01180812]
[-0.10762409]
[-0.0030566]
[-0.03797159]
[ 0.07905098]
[-0.07766682]
[-0.0361586]
[ 0.04108514]
[ 0.2601794]
[-0.09532386]
[ 0.04234299]
[ 0.16040859]
[-0.26757258]
[ 0.12156667]
[ 0.44306788]
[-0.28358504]
[ 0.51631123]
[ 0.00461522]
[ 0.09698456]
[ 0.01332187]
[-0.0397045]
[ 0.05643873]
[-0.0432323]
[-0.03464744]
[-0.01065752]
[-0.07071557]
[ 0.0937845]
[ 0.04782163]
[-0.02629906]
[ 0.07743162]
[ 0.15115681]
[-0.0481762]
[ 0.17787047]
[ 0.11320284]
[ 0.11712343]
[ 0.00874036]
[ 0.0905908]
[ 0.11837987]
[-0.11335039]
[-0.02598886]
[ 0.12685403]
[ 0.17571662]
[-0.03171235]
[-0.05987272]
[-0.07178868]
[ 0.0270785]
[-0.05635788]
[-0.20005408]
[-0.19516227]
[-0.04197479]
[-0.05624331]
[ 0.01631332]
[-0.08896455]
[ 0.10587046]
[-0.02234589]
[ 0.05072359]
[ 0.08471099]
[-0.04833122]
[ 0.04405901]
[-0.0374874]
[-0.18468879]
[-0.14229856]
[-0.00416139]
[-0.05055827]
[-0.05654132]
[-0.09316789]
[ 0.15539323]
[-0.06979137]
[ 0.13232492]
[-0.17811781]
[-0.20320539]
[ 0.13028406]
[-0.03442587]
[ 0.01902873]
[-0.13629195]
[ 0.14765161]
[-0.03930451]
[ 0.17798039]
[-0.00596284]
[ 0.02092993]
[-0.13346]
[-0.10422501]
[-0.06700198]
[-0.16538145]
[-0.10815407]
[-0.06486277]
[-0.14598165]
[-0.16426304]
[-0.17084771]
[-0.08395034]
[-0.13107969]
[-0.16925701]
[ 0.0229815]
[-0.07230333]
[ 0.04096467]
[ 0.06809975]
[ 0.0599158]
[-0.07380497]
[ 0.06621387]
[ 0.04454331]
[-0.03077975]
[-0.0462937]
[ 0.02679539]
[-0.06972878]
[-0.06307225]
[ 0.0331804]
[-0.03936854]
[-0.14669904]
[-0.04061731]
[-0.03452993]
[ 0.02573276]
[ 0.03753032]
[ 0.00667217]
[-0.01147905]
[-0.05711616]
[-0.02077452]
[-0.0070586]
[-0.02021983]
[ 0.00210907]
[ 0.03444057]
[-0.03384787]
[ 0.06628455]
[-0.07850912]
[-0.02538325]
[-0.00880529]
[ 0.08121253]
[-0.08912981]
[-0.13083178]
[ 0.03534981]
[-0.10660496]
[-0.0711489]
[ 0.02999466]
[-0.0463539]
[ 0.08546843]
[ 0.02162096]
[-0.0318634]
[ 0.03933854]
[  7.03654732e-05]
[ 0.00381518]
[ 0.03062696]
[-0.047711]
[ 0.02734408]
[ 0.0400341]
[ 0.01276996]
[ 0.05277391]
[-0.04180854]
[ 0.0638375]
[ 0.01394617]
[ 0.01033858]
[ 0.03435719]
[ 0.0476607]
[-0.02396099]
[ 0.01062783]
[ 0.07683382]
[ 0.04266115]
[ 0.08054794]
[ 0.01520948]
[ 0.01412918]
[-0.10762064]
[ 0.0083291]
[ 0.02417821]
[-0.10079326]
[-0.03503598]
[-0.05921335]
[-0.06397699]
[-0.04802234]
[-0.06077483]
[-0.11019923]
[-0.05800796]
[-0.080342]
[-0.08823874]
[ 0.01917717]
[-0.0340003]
[-0.00338251]
[-0.03740765]
[-0.0221427]
[-0.07688442]
[ 0.02062795]
[-0.00157499]
[-0.08878025]
[-0.04005145]
[ 0.03696735]
[ 0.00804607]
[-0.01411936]
[ 0.01127565]
[ 0.08333156]
[ 0.04046768]
[ 0.01861839]
[-0.03606711]
[-0.1125386]
[-0.14119197]
[-0.05971926]
[-0.09371519]
[-0.08161937]
[-0.08290742]
[-0.02897284]
[-0.04276542]
[ 0.02012817]
[ 0.05879271]
[ 0.06700631]
[ 0.05638458]
[-0.00404752]
[-0.00184907]
[-0.04896582]
[-0.08058205]
[-0.02583352]
[ 0.00366129]
[-0.04325897]
[-0.07877403]
[-0.01189738]
[ 0.01600815]
[-0.05867584]
[ 0.02617723]
[ 0.01462784]
[-0.02180373]
[-0.02803127]
[-0.01958598]
[-0.01967829]
[-0.00126383]
[ 0.04331369]
[-0.04051732]
[-0.19074212]
[-0.01227695]
[-0.09020595]
[-0.03749412]
[-0.00637356]
[-0.02209218]
[-0.02392187]
[-0.0109148]
[-0.00329182]
[-0.1172706]
[-0.13408737]
[-0.10149153]
[-0.01700922]
[-0.00681599]
[-0.07967108]
[-0.0095417]
[ 0.05655438]
[ 0.01701202]
[ 0.11155101]
[ 0.02926092]
[ 0.04467974]
[-0.02961281]
[-0.0231043]
[ 0.08223871]
[-0.08448313]
[-0.05670717]
[ 0.04081479]
[ 0.00712475]
[-0.07642484]
[ 0.06944764]
[-0.08036274]
[-0.03570363]
[-0.07049166]
[-0.04894574]
[ 0.01428693]
[-0.08513265]
[-0.04752704]
[-0.02057619]
[-0.08746088]
[ 0.01251021]
[-0.04876414]
[-0.13793205]
[ 0.02744342]
[ 0.06470522]
[ 0.08132444]
[ 0.01646404]
[-0.02166315]
[-0.03529367]
[-0.0791647]
[ 0.00797878]
[-0.06130785]
[-0.13163795]
[-0.00324817]
[-0.0726089]
[ 0.04087991]
[ 0.01580417]
[ 0.10427147]
[ 0.13501823]
[ 0.01934416]
[ 0.10195399]
[-0.09530555]
[ 0.00588756]
[-0.03474113]
[-0.00300811]
[-0.04269389]
[ 0.04893652]
[ 0.15193599]
[-0.01477221]
[ 0.09403194]
[ 0.1088394]
[-0.04637492]
[-0.04890211]
[ 0.03858209]
[ 0.03189719]
[ 0.03080573]
[ 0.06362975]
[ 0.10512412]
[ 0.105024]
[-0.03770131]
[-0.04727071]
[-0.01216987]
[ 0.02870166]
[ 0.00751252]
[ 0.07753408]
[ 0.02846324]
[ 0.00576578]
[-0.00144993]
[-0.00816667]
[-0.03583414]
[-0.04315875]
[-0.09188844]
[-0.11502839]
[-0.06614456]
[-0.03396919]
[-0.02384186]
[-0.04031811]
[-0.06087066]
[-0.04074204]
[-0.03888938]
[-0.10828212]
[-0.02513769]
[-0.07438377]
[-0.06805961]
[ 0.0440729]
[-0.0247]
[-0.07903782]
[ 0.00869378]
[-0.02270146]
[-0.01156152]
[ 0.08721026]
[ 0.03169237]
[-0.164529]
[ 0.00923654]
[-0.10064979]
[-0.07698439]
[-0.0524896]
[-0.13419288]
[ 0.02473927]
[-0.00301701]
[-0.09797343]
[-0.04007669]
[-0.05005072]
[-0.00016565]
[-0.01965573]
[ 0.00550828]
[-0.00722471]
[ 0.02241437]
[-0.01424523]
[ 0.0292467]
[-0.02197386]
[-0.04728657]
[-0.03772452]
[-0.01477959]
[-0.0587131]
[-0.06568246]
[ 0.02199237]
[-0.03082293]
[-0.04349609]
[ 0.0911425]
[-0.13980801]
[ 0.17312509]
[ 0.05268147]
[-0.08750874]
[-0.02129858]
[-0.01605722]
[-0.15352833]
[ 0.05008566]
[ 0.07309714]
[ 0.11951724]
[ 0.11766971]
[-0.06198271]
[ 0.0331035]
[ 0.07036527]
[-0.01969416]
[-0.02201823]
[ 0.10772727]
[ 0.07594188]
[ 0.14820507]
[-0.06857682]
[ 0.15366863]
[ 0.07847149]
[-0.026606]
[ 0.02143709]
[ 0.12939182]
[ 0.02837864]
[-0.23446408]
[-0.05230781]
[-0.06205093]
[-0.16901827]
[ 0.05147974]
[-0.02554894]
[-0.57156944]
[-0.07648093]
[-0.11566099]
[-0.02151404]
[-0.12026308]
[ 0.05573656]
[ 0.02533126]
[-0.21697702]
[ 0.02165597]
[-0.01120693]
[-0.1559653]
[-0.06759952]
[-0.32626089]
[-0.0508076]
[-0.09212884]
[-0.20365426]
[-0.03261802]
[-0.09959007]
[-0.42245373]
[-0.11714248]
[-0.11961113]
[-0.07330041]
[ 0.04394756]
[-0.09993473]
[-0.02341778]
[ 0.15730228]
[-0.01919812]
[-0.07790232]
[ 0.05382301]
[ 0.00198135]
[-0.03281325]
[-0.01362463]
[ 0.0768704]
[ 0.13425681]
[-0.20009932]
[ 0.10215157]
[ 0.36440212]
[ 0.10989565]
[ 0.05851687]
[ 0.57985008]
[-0.18876788]
[ 0.00159524]
[ 0.33062845]
[-0.15452354]
[ 0.01688242]
[ 0.0951394]
[-0.21714066]
[ 0.10115255]
[ 0.25845829]
[-0.0074588]
[-0.05727839]
[ 0.16133282]
[-0.15973464]
[ 0.14521028]
[ 0.24808548]
[-0.24359559]
[ 0.10109942]
[ 0.09136295]
[ 0.00805235]
[-0.01346549]
[ 0.06808523]
[-0.01524657]
[-0.08698554]
[-0.01659861]
[-0.0158484]
[-0.03207055]
[-0.06269305]
[ 0.00698629]
[ 0.14161801]
[-0.10973157]
[-0.0327338]
[ 0.07322946]
[-0.06695464]
[ 0.00516108]
[ 0.03580079]
[-0.1593421]
[-0.12311608]
[-0.04533681]
[-0.06896754]
[-0.03519878]
[-0.06280879]
[-0.15474321]
[-0.15433796]
[-0.12161194]
[-0.13365369]
[-0.14875916]
[-0.06602996]
[ 0.09855471]
[-0.07708812]
[-0.04364681]
[ 0.15690714]
[-0.01161676]
[-0.00146096]
[-0.13414271]
[-0.0214106]
[-0.03290128]
[-0.02299446]
[-0.03468442]
[-0.00569336]
[-0.14241345]
[-0.03248899]
[-0.02919126]
[-0.13636975]
[-0.00542123]
[-0.05160138]
[-0.11228292]
[-0.02183288]
[-0.00782909]
[-0.28580153]
[-0.13038172]
[ 0.05604934]
[ 0.29162154]
[-0.04582505]
[-0.15498409]
[ 0.05392375]
[-0.07704725]
[-0.05182539]
[ 0.10742541]
[ 0.0636044]
[ 0.16272976]
[-0.0476173]
[-0.02823042]
[-0.05594815]
[ 0.11774954]
[ 0.12947093]
[ 0.09875114]
[ 0.01281517]
[ 0.05474938]
[ 0.01269181]
[-0.16610554]
[-0.22856948]
[-0.28570318]
[-0.03927191]
[ 0.10097057]
[-0.00598955]
[ 0.19541393]
[ 0.02535408]
[ 0.07541123]
[-0.03321247]
[-0.0452444]
[-0.18596646]
[ 0.05854202]
[ 0.00373076]
[-0.22075741]
[ 0.0597093]
[ 0.0084102]
[-0.0183412]
[-0.01980115]
[-0.05363597]
[-0.06528093]
[-0.05062031]
[-0.10728187]
[-0.14454809]
[-0.07106354]
[-0.07380372]
[-0.10564495]
[ 0.10523517]
[ 0.02834212]
[-0.12158424]
[ 0.05256004]
[ 0.09301596]
[ 0.17597853]
[ 0.03448994]
[ 0.05699879]
[ 0.16738288]
[-0.06846198]
[-0.10626102]
[-0.16668959]
[-0.07082881]
[-0.10843293]
[-0.25050247]
[-0.09331799]
[-0.14471807]
[-0.13729456]
[-0.15514733]
[-0.03217614]
[ 0.10981598]
[ 0.00233277]
[ 0.15686011]
[ 0.23749928]
[ 0.05153165]
[ 0.09793477]
[-0.00585506]
[ 0.03476568]
[ 0.2323637]
[ 0.03898898]
[ 0.0490145]
[ 0.37092575]
[ 0.05075958]
[ 0.00223508]
[ 0.10210346]
[-0.06280145]
[-0.07685377]
[-0.12017867]
[-0.1118282]
[-0.06654917]
[-0.14862025]
[-0.17734703]
[-0.12548256]
[-0.06686378]
[-0.07770712]
[ 0.01208061]
[ 0.03931881]
[ 0.03437402]
[ 0.09626437]
[ 0.09723937]
[ 0.1093922]
[ 0.06830993]
[ 0.02802253]
[ 0.03634094]
[-0.06164146]
[-0.07978199]
[-0.11899567]
[-0.10185292]
[-0.0316257]
[-0.15291645]
[-0.08987496]
[-0.0533819]
[-0.0663231]
[-0.08374697]
[-0.14524397]
[-0.02200426]
[-0.05307086]
[-0.087856]
[-0.07083951]
[-0.10082234]
[-0.0212875]
[ 0.0164067]
[-0.02310659]
[-0.08809633]
[-0.07629048]
[-0.1360407]
[-0.03177015]
[-0.15759319]
[-0.07210626]
[ 0.03495572]
[-0.01624526]
[-0.06057303]
[-0.08312939]
[-0.200856]
[-0.04325556]
[-0.07418314]
[-0.04818264]
[-0.03338334]
[-0.03908106]
[ 0.03180683]
[ 0.07452011]
[-0.02380649]
[-0.00739428]
[-0.00814081]
[-0.13244478]
[-0.09928951]
[-0.01272359]
[-0.01397833]
[-0.0157156]
[-0.08705658]
[ 0.22254066]
[ 0.00889876]
[ 0.03877483]
[ 0.08514985]
[ 0.20473078]
[-0.0819023]
[-0.0921798]
[-0.32967231]
[-0.03537145]
[-0.03276226]
[ 0.00964208]
[-0.0128018]
[-0.15356407]
[-0.04178501]
[-0.02872076]
[-0.26977992]
[ 0.02980328]
[-0.14676385]
[ 0.12243676]
[-0.1160343]
[ 0.02540922]
[ 0.08773531]
[ 0.00822373]
[-0.15032373]
[ 0.06128477]
[-0.2283428]
[ 0.20572791]
[ 0.04033391]
[ 0.21539994]
[-0.14511643]
[ 0.01336447]
[ 0.07817589]
[-0.37423748]
[ 0.07032057]
[-0.00425349]
[-0.01317488]
[ 0.09214798]
[-0.12842394]
[-0.09996719]
[-0.09489445]
[-0.12425227]
[-0.33065954]
[-0.10282369]
[ 0.04858695]
[ 0.11957528]
[ 0.09277044]
[ 0.02889287]
[ 0.1660734]
[ 0.04922322]
[ 0.13142933]
[ 0.26067019]
[ 0.26749167]
[ 0.16297115]
[ 0.12611115]
[-0.0098056]
[ 0.07237613]
[-0.02214703]
[-0.08064635]
[ 0.06152445]
[-0.150931]
[-0.08449112]
[-0.12982768]
[ 0.36381876]
[ 0.09862198]
[-0.06783783]
[ 0.31502658]
[ 0.07715249]
[ 0.02324876]
[ 0.08078697]
[ 0.17918362]
[ 0.03198637]
[ 0.18561584]
[-0.03054707]
[-0.30084801]
[-0.00470389]
[ 0.01675237]
[-0.33647227]
[-0.01093392]
[ 0.19374374]
[-0.22154571]
[ 0.13441852]
[-0.01742077]
[ 0.06657093]
[-0.07385708]
[-0.03238449]
[ 0.05952999]
[-0.09975509]
[-0.06071247]
[-0.05623464]
[ 0.0048803]
[ 0.0366076]
[ 0.07091228]
[ 0.14273161]
[ 0.02632419]
[ 0.00490753]
[ 0.17575391]
[ 0.01512693]
[-0.09712166]
[ 0.06516089]
[ 0.04762853]
[-0.00403145]
[ 0.04547783]
[-0.0137637]
[-0.08649068]
[-0.2283085]
[-0.02235543]
[ 0.10137586]
[-0.01367406]
[ 0.05792055]
[-0.05752527]
[-0.00943125]
[ 0.02699455]
[-0.07257851]
[ 0.01003943]
[-0.07162467]
[-0.17763129]
[-0.28668246]
[ 0.03537518]
[ 0.11964252]
[-0.21492857]
[-0.0720756]
[ 0.07571021]
[-0.12251796]
[-0.21763831]
[ 0.17159912]
[ 0.08359572]
[ 0.01822929]
[ 0.10072896]
[ 0.0539665]
[-0.01721676]
[ 0.00936399]
[-0.03547291]
[-0.08978152]
[-0.08836898]
[-0.16846837]
[-0.13928208]
[ 0.10194182]
[-0.25491539]
[-0.06942648]
[-0.0218262]
[-0.22468783]
[-0.11384927]
[-0.12799086]
[ 0.00709978]
[ 0.24222447]
[-0.02645355]
[-0.25741979]
[ 0.00831686]
[-0.08203646]
[ 0.11092267]
[ 0.09315327]
[-0.10631618]
[ 0.13800463]
[ 0.18913215]
[ 0.22791728]
[-0.1626844]
[ 0.09496981]
[ 0.23652418]
[-0.18787019]
[-0.01794574]
[ 0.11991351]
[ 0.13996468]
[ 0.20912391]
[ 0.13787599]
[ 0.13507794]
[-0.061157]
[-0.11338454]
[-0.04670942]
[-0.09400934]
[-0.07467292]
[-0.21185248]
[-0.16910334]
[ 0.01709862]
[ 0.10980609]
[ 0.09878837]
[ 0.15795243]
[-0.00054275]
[-0.04275857]
[-0.08455803]
[-0.27958345]
[-0.29276982]
[-0.30852073]
[-0.0081619]
[ 0.0736313]
[ 0.02597777]
[-0.02017858]
[ 0.02901196]
[-0.04250993]
[ 0.08012346]
[ 0.07364937]
[ 0.14976946]
[ 0.20264384]
[ 0.09268378]
[ 0.02341546]
[ 0.22173032]
[ 0.06486742]
[-0.00328289]
[-0.50212193]
[-0.10027385]
[-0.26755834]
[ 0.24165218]
[-0.00585154]
[ 0.18664971]
[ 0.05227935]
[-0.05241936]
[-0.09298318]
[-0.1061586]
[-0.12859794]
[ 0.27319765]
[-0.15098776]
[ 0.01704888]
[ 0.13885631]
[-0.04116678]
[ 0.1048221]
[ 0.09742666]
[ 0.21655385]
[ 0.02424131]
[-0.20988676]
[ 0.33152619]
[ 0.02663355]
[-0.14132279]
[ 0.24272436]
[-0.04308163]
[ 0.13414222]
[-0.07519338]
[-0.3082858]
[-0.14437228]
[-0.0265581]
[-0.02764179]
[ 0.194517]
[ 0.01587476]
[-0.0315186]
[-0.10752814]
[ 0.08639181]
[ 0.06222039]
[ 0.09454948]
[ 0.03752852]
[-0.02968286]
[-0.0555772]
[ 0.0045604]
[-0.10534326]
[-0.19863401]
[-0.0062687]
[-0.02546512]
[-0.18850183]
[ 0.11644214]
[-0.10874601]
[ 0.01812597]
[-0.13271463]
[-0.24529867]
[ 0.0146516]
[-0.14255269]
[-0.16540624]
[-0.15051651]
[-0.11124436]
[-0.14537971]
[-0.12702492]
[-0.04289751]
[ 0.0331833]
[ 0.01421075]
[-0.14455621]
[-0.14186616]
[-0.28685844]
[ 0.08243242]
[ 0.00142888]
[ 0.00973664]
[ 0.00045166]
[ 0.01687532]
[ 0.02080416]
[-0.11999337]
[-0.08278364]
[-0.07964535]
[ 0.00034193]
[ 0.01423355]
[ 0.07849204]
[-0.02827292]
[-0.02017256]
[ 0.04886518]
[-0.16475183]
[-0.17969754]
[-0.19154595]
[-0.01239725]
[ 0.01761184]
[-0.03486954]
[-0.06481841]
[-0.03272574]
[-0.10236425]
[ 0.08052003]
[-0.27530813]
[ 0.21528405]
[-0.13600753]
[-0.03830952]
[-0.24809577]
[ 0.17484434]
[ 0.08908516]
[-0.0354084]
[-0.04393819]
[ 0.0483815]
[ 0.03411609]
[ 0.15922576]
[ 0.14684483]
[ 0.07677871]
[ 0.01825713]
[-0.06203998]
[-0.10014526]
[-0.43516737]
[-0.13959]
[ 0.16352159]
[ 0.21829875]
[ 0.06250417]
[-0.03553005]
[-0.01225751]
[-0.13031957]
[ 0.11306393]
[ 0.04715388]
[-0.3620916]
[-0.09191839]
[ 0.09372722]
[-0.0954767]
[ 0.08567156]
[ 0.13182497]
[ 0.0222213]
[ 0.20737067]
[-0.37405497]
[ 0.02764562]
[ 0.10918413]
[-0.21197543]
[-0.18027206]
[ 0.04478061]
[ 0.08465917]
[-0.07312776]
[ 0.05510424]
[-0.08180572]
[-0.2193452]
[-0.00912458]
[ 0.07181794]
[-0.0743415]
[ 0.04780661]
[-0.06392229]
[ 0.03077961]
[ 0.03838826]
[ 0.05347377]
[-0.06009395]
[ 0.11295293]
[-0.2016848]
[-0.23255883]
[ 0.0204306]
[ 0.08865037]
[ 0.08064281]
[ 0.04161043]
[ 0.35500962]
[ 0.68581337]
[ 0.10160089]
[-0.2417157]
[ 0.18348715]
[-0.03698076]
[ 0.00508644]
[-0.1358646]
[-0.04009784]
[-0.00213333]
[ 0.49895063]
[-0.46214083]
[ 0.23534523]
[ 0.24433233]
[-0.06247444]
[ 0.08853234]
[-0.19791071]
[ 0.26949197]
[-0.54825914]
[-0.08709349]
[-0.08798277]
[-0.17160676]
[-0.14433879]
[ 0.05811293]
[ 0.10962968]
[ 0.00319453]
[ 0.05370915]
[ 0.30118459]
[ 0.28489369]
[ 0.02440324]
[ 0.10654888]
[ 0.06543194]
[-0.05358198]
[-0.02450574]
[ 0.02755367]
[ 0.04436894]
[-0.22853951]
[-0.08146876]
[ 0.06869961]
[-0.09013859]
[-0.10094376]
[ 0.06141087]
[ 0.02029405]
[ 0.00987075]
[ 0.06373288]
[-0.32197326]
[-0.10058662]
[ 0.04434974]
[-0.13356809]
[-0.06610355]
[ 0.07826783]
[ 0.06677812]
[-0.02859563]
[ 0.06682307]
[-0.49129072]
[ 0.0054316]
[ 0.04372278]
[-0.19236197]
[ 0.01339988]
[ 0.00329149]
[ 0.04513631]
[-0.0413813]
[ 0.0190027]
[-0.22794773]
[-0.17319641]
[ 0.00773215]
[-0.29983583]
[-0.11085466]
[ 0.05435296]
[-0.04303204]
[ 0.06659416]
[ 0.00961791]
[-0.43320209]
[-0.34395534]
[-0.12943879]
[-0.16163836]
[-0.22465234]
[-0.05013417]
[ 0.03723455]
[-0.00361586]
[ 0.0871968]
[ 0.24454252]
[-0.12720086]
[-0.27275574]
[ 0.1782652]
[ 0.09281369]
[-0.01896712]
[-0.26712003]
[-0.14650553]
[-0.05563334]
[-0.02675967]
[-0.07771529]
[-0.01747614]
[ 0.04925402]
[ 0.1703319]
[ 0.07810929]
[-0.09792422]
[ 0.1250771]
[-0.00669973]
[ 0.00574359]
[ 0.07314148]
[ 0.08277985]
[-0.1152708]
[ 0.00250141]
[ 0.06459346]
[-0.06306091]
[ 0.02842905]
[-0.00781182]
[ 0.01202261]
[-0.04398365]
[-0.3476361]
[-0.33171526]
[ 0.02661328]
[ 0.09277369]
[ 0.03386642]
[-0.12164871]
[-0.12952088]
[-0.14084373]
[ 0.01578408]
[ 0.10709386]
[-0.10540169]
[-0.17789122]
[-0.06153879]
[-0.19602339]
[-0.10059144]
[-0.03082957]
[-0.20341294]
[ 0.19579749]
[-0.00508897]
[-0.10538176]
[-0.17509317]
[ 0.16534458]
[ 0.3237313]
[-0.20230713]
[ 0.01697826]
[-0.17334527]
[ 0.24225657]
[ 0.11243882]
[-0.19629462]
[-0.02140144]
[-0.09579471]
[ 0.03748286]
[-0.13687004]
[ 0.11380451]
[ 0.59464854]
[-0.03775581]
[ 0.03883306]
[-0.25136051]
[ 0.06347506]
[-0.05217946]
[-0.19270667]
[ 0.21049124]
[ 0.01872158]
[ 0.08319895]
[ 0.49100333]
[ 0.19496953]
[ 0.10666052]
[ 0.02698809]
[-0.02672103]
[ 0.02038413]
[-0.12194262]
[ 0.086954]
[ 0.13208638]
[-0.05073548]
[-0.08818451]
[ 0.11187048]
[-0.04511246]
[-0.00883135]
[-0.19813801]
[ 0.05504562]
[-0.01290759]
[ 0.28986266]
[ 0.0749888]
[-0.14807877]
[ 0.19615121]
[ 0.06148702]
[-0.04105642]
[ 0.15233493]
[-0.07369488]
[-0.00180333]
[-0.07192859]
[ 0.03451383]
[ 0.00859413]
[-0.15875393]
[ 0.02359554]
[-0.0779112]
[-0.15980749]
[-0.00816081]
[ 0.04465618]
[-0.0707304]
[-0.30848369]
[-0.1014123]
[-0.17336288]
[-0.09473184]
[ 0.08752351]
[-0.15998779]
[-0.05213806]
[ 0.00025546]
[-0.18059635]
[ 0.15940301]
[ 0.13440715]
[ 0.05717597]
[-0.10364003]
[-0.09120102]
[-0.0753471]
[ 0.05407034]
[-0.03199923]
[-0.25309733]
[-0.06189443]
[-0.0288327]
[-0.21432875]
[-0.10582481]
[-0.08702303]
[-0.17428282]
[-0.01789141]
[ 0.09427287]
[-0.18165882]
[-0.07299472]
[-0.14714526]
[-0.24145128]
[-0.02197247]
[-0.03237236]
[-0.17355978]
[-0.01243464]
[-0.04436802]
[-0.02625297]
[ 0.09455524]
[-0.02922646]
[-0.07965696]
[-0.09145559]
[ 0.00860515]
[ 0.1549007]
[-0.13222884]
[-0.16182882]
[-0.31102657]
[-0.17363602]
[-0.16332753]
[-0.14389375]
[-0.18941106]
[-0.20354696]
[-0.09778889]
[-0.13058497]
[-0.10480254]
[ 0.47089404]
[ 0.21124566]
[-0.13686936]
[ 0.16161098]
[ 0.0798776]
[-0.06177523]
[ 0.06336187]
[ 0.10172074]
[ 0.01014365]
[ 0.08703427]
[ 0.0292465]
[ 0.12056128]
[ 0.07597609]
[-0.00700838]
[ 0.1098756]
[-0.03716]
[ 0.07946539]
[ 0.09909096]
[ 0.27401733]
[ 0.16251142]
[ 0.18183425]
[ 0.16583373]
[ 0.06409052]
[-0.05479367]
[ 0.12323704]
[-0.07265244]
[ 0.04660897]
[ 0.09659452]
[ 0.02069332]
[ 0.09356005]
[-0.02661376]
[-0.12753908]
[-0.06992483]
[-0.01963846]
[-0.08083764]
[-0.1856546]
[ 0.23883231]
[-0.02394589]
[ 0.29589689]
[ 0.22350056]
[ 0.00118357]
[ 0.21338098]
[-0.04198468]
[-0.17404889]
[-0.03605593]
[-0.42622474]
[ 0.05868831]
[-0.20014235]
[ 0.07576818]
[ 0.1109781]
[ 0.15137133]
[ 0.06271613]
[ 0.28448361]
[ 0.23157518]
[-0.04004643]
[-0.18751979]
[ 0.13464969]
[-0.05373511]
[-0.18393765]
[ 0.09773998]
[ 0.08439828]
[-0.090638]
[ 0.27410084]
[-0.01842977]
[ 0.01932445]
[-0.04435375]
[-0.0242744]
[ 0.12331969]
[ 0.0164929]
[-0.16862756]
[ 0.11158214]
[ 0.16088311]
[-0.15807371]
[ 0.05612854]
[-0.05481493]
[-0.06663223]
[ 0.08541823]
[ 0.03332717]
[-0.05457031]
[-0.02543139]
[ 0.02959926]
[ 0.20330054]
[ 0.11334154]
[ 0.20022094]
[ 0.36202213]
[ 0.09494248]
[ 0.19420268]
[ 0.17279972]
[ 0.02524303]
[-0.04038493]
[ 0.15956619]
[ 0.12003753]
[ 0.0188596]
[ 0.04612988]
[-0.03227172]
[-0.02762509]
[-0.11904154]
[-0.14897497]
[-0.05706731]
[ 0.22942707]
[ 0.29621008]
[ 0.27339542]
[ 0.02090009]
[ 0.12071671]
[ 0.0002013]
[-0.14380705]
[-0.00126601]
[-0.07615203]
[ 0.20531392]
[ 0.14602371]
[ 0.1404718]
[ 0.07456291]
[ 0.00206956]
[ 0.02962155]
[-0.09567163]
[-0.0719047]
[-0.08263173]
[-0.03192823]
[ 0.04979839]
[-0.00797893]
[ 0.03406092]
[ 0.05476131]
[-0.05901446]
[ 0.00419524]
[ 0.05294885]
[-0.12733756]
[-0.12299203]
[ 0.00883994]
[-0.18195459]
[-0.30858523]
[-0.08005867]
[-0.22212589]
[-0.17652738]
[ 0.0655504]
[ 0.01413092]
[-0.14544873]
[-0.00744537]
[ 0.00455627]
[-0.09953908]
[-0.01978745]
[-0.06448095]
[-0.17228842]
[-0.19248876]
[-0.27306831]
[ 0.20227019]
[ 0.01517297]
[-0.04454974]
[ 0.02560299]
[-0.06510348]
[ 0.04273658]
[ 0.10267585]
[ 0.11236517]
[ 0.02165649]
[ 0.0865056]
[-0.01144843]
[-0.21400337]
[-0.02341237]
[ 0.00521441]
[-0.084534]
[-0.07626426]
[ 0.00528333]
[-0.02307473]
[-0.04574737]
[-0.07648222]
[ 0.01233789]
[ 0.04398532]
[-0.03931406]
[ 0.03844425]
[ 0.07796525]
[-0.05760718]
[ 0.05300293]
[ 0.06028046]
[-0.01666762]
[-0.07335609]
[ 0.0464443]
[-0.02924098]
[ 0.08237021]
[-0.08255295]
[-0.13005275]
[-0.15712102]
[ 0.17455801]
[-0.06924901]
[-0.00383308]
[ 0.03747976]
[-0.08456008]
[-0.06074479]
[ 0.14038292]
[-0.0361711]
[ 0.17768916]
[-0.0256376]
[-0.03145469]
[-0.03583623]
[ 0.06256472]
[-0.03056622]
[-0.0439429]
[ 0.05972264]
[ 0.12294602]
[ 0.16748203]
[ 0.07737587]
[ 0.0840152]
[-0.01296192]
[-0.00216836]
[ 0.00326634]
[-0.08141617]
[ 0.16258003]
[ 0.02141321]
[ 0.07654627]
[ 0.0008068]
[ 0.00992853]
[-0.03074411]
[-0.00353212]
[ 0.02363923]
[ 0.06555343]
[-0.07943859]
[ 0.07670933]
[-0.10327352]
[-0.08317117]
[ 0.00740446]
[-0.06385847]
[-0.05671289]
[ 0.007057]
[-0.08179037]
[-0.12918501]
[-0.10793021]
[-0.13898568]
[-0.05542559]
[ 0.03576766]
[ 0.02273121]
[ 0.07497784]
[ 0.01207998]
[ 0.00884271]
[-0.02813342]
[ 0.00448046]
[ 0.0575401]
[ 0.03579594]
[-0.05268535]
[ 0.09968675]
[-0.02178444]
[-0.05021522]
[-0.01842052]
[ 0.01859366]
[ 0.02001851]
[ 0.04812777]
[ 0.02673938]
[ 0.07464292]
[-0.01810509]
[-0.01188136]
[-0.05283194]
[-0.04355638]
[-0.04684342]
[-0.01229212]
[-0.01613296]
[ 0.0207408]
[-0.04915601]
[ 0.06179635]
[ 0.05435188]
[-0.04007746]
[-0.02705845]
[-0.07299244]
[-0.13977981]
[-0.06197322]
[-0.07022392]
[-0.06870639]
[-0.10450835]
[-0.02790407]
[ 0.01480503]
[-0.03618423]
[ 0.03904431]
[ 0.03731388]
[-0.07938804]
[-0.03728193]
[ 0.0708788]
[-0.07931881]
[-0.17264183]
[-0.01079017]
[-0.17111927]
[-0.16378753]
[-0.00654998]
[-0.11174791]
[-0.06180445]
[-0.05376443]
[-0.00620734]
[-0.07026315]
[-0.06911377]
[-0.04293944]
[ 0.03223568]
[ 0.02874153]
[-0.0603907]
[-0.06989465]
[-0.07494415]
[-0.03139426]
[ 0.02031081]
[-0.01371802]
[ 0.06313538]
[ 0.02871877]
[ 0.0872179]
[ 0.00032938]
[ 0.02315204]
[-0.06257823]
[-0.02207874]
[-0.11788367]
[-0.04077955]
[-0.18968728]
[-0.09726837]
[-0.04245761]
[ 0.01663988]
[-0.00562326]
[-0.00971443]
[-0.04526846]
[-0.04270842]
[ 0.01041474]
[ 0.00503288]
[-0.00783601]
[-0.04345471]
[-0.06629934]
[-0.08111797]
[-0.03080349]
[-0.03233051]
[-0.07010902]
[-0.12379563]
[-0.07225485]
[ 0.15682627]
[-0.07649813]
[-0.05835118]
[-0.05078428]
[-0.00974836]
[-0.07266522]
[ 0.03186201]
[-0.05210897]
[-0.07616684]
[-0.05025328]
[-0.11751106]
[-0.02403101]
[ 0.09439529]
[-0.06206242]
[ 0.0892848]
[ 0.0833759]
[ 0.00527092]
[-0.05602115]
[ 0.00527259]
[-0.00888647]
[ 0.08027445]
[ 0.22612679]
[ 0.05185584]
[-0.09073181]
[ 0.17533043]
[ 0.11666562]
[-0.00808887]
[ 0.17479505]
[ 0.1181832]
[-0.11478219]
[ 0.07650218]
[ 0.0203482]
[ 0.02883404]
[ 0.01357914]
[ 0.01198453]
[-0.10834302]
[-0.04176078]
[-0.00912115]
[ 0.03060015]
[-0.05401047]
[-0.04386519]
[-0.05550213]
[ 0.01439663]
[-0.05269656]
[-0.06998681]
[ 0.01783287]
[-0.00112566]
[-0.09372741]
[-0.04631216]
[ 0.01246597]
[-0.01301014]
[-0.00539103]
[-0.06048017]
[-0.04704133]
[-0.13589326]
[ 0.02748095]
[-0.07950311]
[-0.0819243]
[-0.06064124]
[ 0.02707235]
[-0.00919485]
[-0.07228963]
[ 0.02419971]
[-0.00430918]
[-0.004067]
[ 0.06883401]
[-0.0852287]
[-0.05669848]
[-0.18581474]
[-0.07463385]
[-0.07022977]
[-0.09872786]
[-0.03299652]
[-0.05485278]
[-0.12312619]
[-0.00354558]
[ 0.01654488]
[ 0.03756624]
[ 0.00131323]
[-0.02719587]
[ 0.00410118]
[-0.07458361]
[-0.07405457]
[-0.01130564]
[ 0.04238362]
[-0.00032655]
[-0.01231741]
[-0.0233271]
[-0.0412132]
[-0.04103054]
[ 0.04462477]
[-0.0240004]
[-0.03551305]
[ 0.01680528]
[-0.06568829]
[-0.02097073]
[ 0.05564668]
[ 0.01946638]
[ 0.00815572]
[-0.04925017]
[-0.16823997]
[-0.00871691]
[ 0.0141919]
[ 0.02926461]
[ 0.02892167]
[ 0.06305067]
[ 0.03970797]
[ 0.25788268]
[-0.03856045]
[ 0.00564934]
[ 0.22284196]
[ 0.205125]
[-0.16871314]
[-0.1380872]
[ 0.11242491]
[-0.01021423]
[ 0.05476117]
[ 0.02303073]
[-0.05433847]
[-0.17979205]
[ 0.13445802]
[ 0.27855924]
[-0.67673403]
[-0.09482308]
[ 0.04997617]
[ 0.11403522]
[ 0.10348479]
[ 0.03162291]
[-0.11048459]
[-0.10060394]
[-0.26122758]
[-0.14974274]
[-0.02282976]
[-0.07758369]
[-0.07260249]
[-0.02834935]
[-0.05852697]
[-0.17594543]
[ 0.04536209]
[-0.07013226]
[-0.03535202]
[ 0.14739148]
[ 0.03467226]
[-0.15083504]
[ 0.03708742]
[ 0.18133177]
[-0.04011876]
[ 0.17475298]
[ 0.02552076]
[ 0.01253813]
[-0.08148341]
[ 0.04461944]
[-0.1618758]
[ 0.14416645]
[ 0.00387416]
[-0.15822646]
[ 0.05904007]
[ 0.1988859]
[ 0.28044942]
[ 0.0216816]
[-0.09832041]
[-0.07440995]
[-0.02980497]
[-0.26025409]
[ 0.16060676]
[-0.29732633]
[ 0.04702223]
[ 0.83766079]
[ 0.02157086]
[-0.22306709]
[ 0.33682445]
[ 0.04923508]
[ 0.07902375]
[-0.12674013]
[ 0.03241201]
[ 0.03709569]
[-0.32166252]
[-0.07333223]
[ 0.08011806]
[ 0.0117378]
[ 0.01616262]
[-0.03760588]
[-0.16302039]
[ 0.00520944]
[ 0.26009932]
[ 0.25772887]
[-0.10217832]
[ 0.12762472]
[ 0.18748146]
[-0.11455262]
[ 0.05978258]
[ 0.07021515]
[-0.07482279]
[ 0.00065823]
[-0.20444883]
[-0.01504695]
[-0.04267649]
[-0.13429877]
[ 0.0141753]
[-0.0724553]
[-0.08574858]
[-0.04723218]
[-0.10778752]
[-0.404544]
[ 0.01204689]
[-0.18058182]
[-0.2372296]
[ 0.0056842]
[-0.01461864]
[-0.05104052]
[-0.10436452]
[-0.02079721]
[-0.08170491]
[-0.12599537]
[-0.12774861]
[-0.137539]
[-0.10038535]
[-0.06694391]
[ 0.03681424]
[ 0.02381287]
[-0.22240931]
[-0.32491049]
[ 0.02515566]
[-0.21801291]
[-0.22506408]
[-0.00275986]
[-0.1710982]
[-0.15288562]
[-0.12454886]
[-0.18336073]
[-0.36008731]
[-0.09779385]
[-0.04739187]
[-0.22693524]
[-0.01925424]
[-0.05953434]
[-0.10876945]
[-0.05508849]
[ 0.11385202]
[ 0.13378434]
[-0.06063741]
[-0.10522275]
[-0.05860225]
[-0.12472426]
[ 0.08426788]
[ 0.01277446]
[ 0.06023024]
[-0.16727731]
[-0.23016678]
[-0.04987497]
[-0.04935816]
[ 0.04997624]
[ 0.04387254]
[-0.03072654]
[ 0.24339847]
[-0.0220187]
[ 0.04331804]
[-0.04837953]
[ 0.09273399]
[-0.02892592]
[-0.18553551]
[ 0.02578712]
[-0.06412247]
[-0.05429181]
[ 0.05376585]
[-0.01134331]
[-0.05515451]
[-0.0395814]
[ 0.13184486]
[-0.13344613]
[-0.17374833]
[-0.0010314]
[ 0.22947322]
[ 0.04874226]
[ 0.02241527]
[ 0.08519837]
[ 0.08790238]
[-0.00744253]
[-0.2358865]
[ 0.14435634]
[-0.08135168]
[-0.28115895]
[-0.11672214]
[ 0.07004004]
[ 0.00276956]
[-0.11439772]
[-0.00027437]
[-0.07015599]
[-0.0036868]
[ 0.27108169]
[ 0.25709593]
[ 0.06929208]
[ 0.0503074]
[ 0.02296347]
[ 0.18909754]
[ 0.07438033]
[-0.24412526]
[-0.0022582]
[ 0.04434099]
[-0.37878034]
[-0.184159]
[ 0.25964525]
[ 0.29092124]
[-0.07667378]
[ 0.07145766]
[ 0.01958149]
[-0.14947851]
[-0.0306237]
[ 0.15854003]
[ 0.09857155]
[-0.01394482]
[-0.17978361]
[-0.15856984]
[ 0.25595015]
[ 0.15045725]
[ 0.03110738]
[ 0.34522989]
[-0.2224806]
[ 0.04659622]
[-0.05193216]
[-0.04271087]
[ 0.35085982]
[-0.00969195]
[-0.06472257]
[ 0.05866002]
[-0.17467664]
[-0.23381357]
[-0.02899498]
[-0.02755432]
[ 0.09323991]
[-0.10825247]
[ 0.01991573]
[ 0.0389708]
[ 0.01305996]
[ 0.1149876]
[ 0.19242154]
[ 0.22192292]
[ 0.04332867]
[-0.03223773]
[ 0.16997932]
[ 0.0250698]
[-0.14603327]
[ 0.06494806]
[ 0.01027466]
[-0.14744529]
[ 0.08332746]
[ 0.05081346]
[-0.11672059]
[ 0.1039918]
[ 0.02704485]
[-0.24289764]
[-0.0289381]
[-0.13137349]
[-0.27052692]
[ 0.00550161]
[-0.11149544]
[-0.1605496]
[ 0.06895048]
[-0.17431976]
[-0.07857589]
[ 0.12089855]
[-0.2465903]
[-0.02898791]
[ 0.23635599]
[-0.01386066]
[-0.13891737]
[ 0.19141912]
[-0.10097145]
[-0.27265248]
[-0.00152164]
[-0.20452257]
[-0.27963725]
[ 0.06115989]
[ 0.07328427]
[-0.15238598]
[ 0.15045378]
[-0.03857744]
[-0.34091979]
[ 0.07765057]
[-0.02616566]
[-0.29949653]
[-0.36691177]
[-0.0157843]
[ 0.05247612]
[-0.33669648]
[ 0.0702288]
[ 0.38973403]
[ 0.0725255]
[ 0.12498835]
[-0.00633075]
[ 0.14822638]
[ 0.10720224]
[ 0.0682653]
[ 0.03610452]
[-0.02255377]
[-0.0661426]
[-0.22555713]
[-0.05611688]
[ 0.00879267]
[-0.15804498]
[-0.19102697]
[-0.28224912]
[ 0.03299547]
[-0.19962178]
[-0.29160345]
[-0.37349063]
[-0.07668616]
[-0.05361243]
[-0.00986602]
[ 0.02668479]
[ 0.09315278]
[ 0.1025316]
[ 0.05723474]
[-0.05785115]
[ 0.27906254]
[-0.00418937]
[-0.2360443]
[ 0.1110415]
[-0.06272161]
[-0.00498234]
[-0.01238712]
[-0.14643563]
[ 0.05784849]
[-0.04468647]
[-0.37378836]
[-0.07120455]
[-0.17307396]
[-0.01444873]
[ 0.0690806]
[-0.13712046]
[ 0.03925319]
[ 0.05072368]
[-0.23081151]
[-0.09336273]
[-0.20900859]
[-0.11327494]
[ 0.00829843]
[-0.07045441]
[ 0.2404892]
[ 0.36312929]
[ 0.06055968]
[ 0.1728598]
[-0.00720086]
[-0.0609647]
[ 0.17993805]
[ 0.23528679]
[-0.05289235]
[ 0.26283282]
[ 0.14950386]
[ 0.0672198]
[-0.07403086]
[ 0.11850818]
[-0.01371247]
[ 0.25397176]
[-0.04476525]
[ 0.10789468]
[-0.09451816]
[ 0.08729123]
[ 0.08126999]
[-0.28855735]
[ 0.1218473]
[-0.10181332]
[ 0.24603628]
[-0.18559015]
[ 0.21579681]
[-0.03872808]
[ 0.03414]
[-0.15752594]
[-0.02440015]
[ 0.02279601]
[-0.20311755]
[-0.04197425]
[-0.02004797]
[-0.01364915]
[-0.34186018]
[-0.26400772]
[-0.10308357]
[-0.31504267]
[-0.19785894]
[-0.11777327]
[ 0.21922436]
[ 0.05868722]
[ 0.1170669]
[ 0.04974946]
[-0.19137837]
[-0.10153945]
[ 0.0038194]
[-0.2818132]
[-0.03816964]
[ 0.20860612]
[ 0.03861983]
[ 0.10922237]
[-0.10361889]
[-0.35575232]
[-0.02963438]
[-0.28258857]
[-0.24282037]
[ 0.07509144]
[ 0.14190662]
[ 0.05067196]
[-0.12368673]
[-0.00508177]
[ 0.01518454]
[ 0.00302716]
[ 0.02532419]
[-0.00410248]
[ 0.15817165]
[-0.05498963]
[-0.00965435]
[-0.06052256]
[-0.23639411]
[-0.15969689]
[-0.15421258]
[-0.04754135]
[ 0.00185649]
[-0.13206725]
[ 0.1054002]
[ 0.00146306]
[ 0.11722421]
[ 0.01539554]
[ 0.0121671]
[ 0.13009261]
[-0.14008343]
[ 0.01891988]
[ 0.04720014]
[ 0.24372421]
[-0.13695371]
[ 0.00762967]
[ 0.13893391]
[ 0.05523607]
[ 0.02624367]
[-0.18642813]
[-0.00375066]
[ 0.03598897]
[ 0.02532616]
[-0.04829591]
[-0.11028107]
[-0.01366999]
[-0.07991919]
[-0.03327779]
[ 0.09825895]
[ 0.07478065]
[-0.06453477]
[-0.05249752]
[ 0.13065948]
[ 0.27773735]
[-0.06925502]
[-0.07286261]
[-0.01079927]
[ 0.034556]
[-0.00907467]
[ 0.03289093]
[-0.02678255]
[-0.17325421]
[ 0.36470234]
[ 0.01120017]
[-0.22149469]
[-0.29803044]
[ 0.08000269]
[ 0.06930803]
[ 0.25593266]
[-0.12999322]
[-0.15592439]
[-0.2065822]
[ 0.02664476]
[ 0.00674481]
[-0.16742867]
[ 0.05208528]
[-0.00992403]
[-0.14392713]
[ 0.09473689]
[ 0.16038015]
[ 0.14801787]
[ 0.06292837]
[ 0.09004512]
[ 0.17934336]
[ 0.07590523]
[ 0.03112895]
[ 0.14343455]
[ 0.06275995]
[ 0.00498317]
[ 0.02815389]
[-0.02089932]
[-0.0554707]
[-0.19405544]
[-0.00134727]
[-0.16003543]
[ 0.09393828]
[-0.10133114]
[ 0.09076843]
[ 0.29475912]
[ 0.00568986]
[-0.04589138]
[ 0.04372581]
[ 0.01879526]
[-0.12378215]
[-0.2243464]
[-0.037316]
[-0.19862245]
[-0.04346231]
[ 0.1318838]
[ 0.09897278]
[-0.10355103]
[ 0.28211033]
[ 0.19025414]
[ 0.34933177]
[-0.43452659]
[-0.45122159]
[-0.21595064]
[ 0.14139099]
[-0.02856149]
[ 0.04884115]
[-0.0698012]
[-0.29809931]
[ 0.21286449]
[-0.01087752]
[-0.0018127]
[ 0.08349235]
[ 0.01190138]
[-0.07298417]
[-0.02348678]
[ 0.04523223]
[ 0.04204657]
[ 0.01513613]
[-0.00627685]
[ 0.10881384]
[ 0.0306762]
[ 0.05834328]
[-0.01192973]
[-0.1029662]
[-0.07213975]
[-0.0593422]
[-0.26154754]
[-0.021714]
[ 0.11059796]
[ 0.1337662]
[-0.00015601]
[-0.02139189]
[-0.03560005]
[-0.01496407]
[-0.02744502]
[-0.0231171]
[-0.07968862]
[-0.17212521]
[-0.26005688]
[-0.0700218]
[-0.20065275]
[-0.25676581]
[-0.04548401]
[-0.15763995]
[-0.39518571]
[ 0.02082331]
[ 0.0853755]
[ 0.08525993]
[ 0.04023148]
[-0.032582]
[-0.01826348]
[-0.01745]
[-0.0012695]
[ 0.06852534]
[-0.01893498]
[-0.15145086]
[-0.20820339]
[-0.09967546]
[-0.13904876]
[-0.17974178]
[-0.01468488]
[-0.07123747]
[-0.13040046]
[-0.15946122]
[-0.12420183]
[ 0.1706672]
[-0.06111312]
[-0.03983371]
[ 0.04958942]
[ 0.13012449]
[ 0.02553176]
[ 0.15184991]
[-0.08974096]
[ 1.73150766]
[ 1.29424357]
[-1.77720058]
[ 0.39659822]
[ 0.53424066]
[ 1.34530663]
[ 0.77187645]
[ 0.78774214]
[ 0.31239814]
[-0.3792561]
[-0.29494852]
[ 1.86338758]
[ 0.81489712]
[ 1.50001633]
[-1.51548076]
[-0.71558058]
[-0.48414493]
[-0.61389798]
[ 1.46996439]
[ 1.3718977]
[ 0.79904944]
[ 0.91940951]
[ 0.88396406]
[ 0.85122877]
[ 0.99624377]
[-0.31869692]
[-0.21597973]
[ 0.91254216]
[ 0.59719604]
[ 0.77093184]
[ 0.38524002]
[ 0.05278217]
[-0.05109227]
[ 0.09215743]
[-0.35723549]
[-0.33020404]
[-0.13361523]
[-0.0050725]
[ 0.05460982]
[-0.02033013]
[-0.02430525]
[ 0.08812188]
[-0.29867643]
[-0.24016388]
[ 0.15476495]
[ 0.18755716]
[-0.0719236]
[-0.23321892]
[ 0.24234232]
[ 0.28427401]
[-0.02913167]
[-0.41264635]
[-0.0205931]
[-0.08857681]
[-0.20173849]
[ 0.00388432]
[ 0.687832]
[ 0.31409132]
[ 0.24745153]
[ 0.06283658]
[-0.18418022]
[-0.13191012]
[ 0.22450298]
[ 0.07251091]
[ 0.11779202]
[-0.55614424]
[ 0.05155966]
[ 0.18582171]
[-0.03732344]
[ 0.13541308]
[-0.06047836]
[-0.45543322]
[ 0.31324244]
[ 0.18698883]
[-0.30600861]
[ 0.01878135]
[ 0.12326522]
[ 0.36005944]
[ 0.20265052]
[ 0.36845294]
[-0.00188272]
[-0.29688394]
[ 0.18122454]
[-0.36095107]
[-0.07978098]
[-0.14076445]
[-0.18155155]
[-0.29624227]
[ 0.2476349]
[ 0.25885695]
[-0.01611668]
[-0.3567324]
[-0.20572798]
[ 0.11427982]
[ 0.63437337]
[-0.34288386]
[-0.28878102]
[ 0.17928059]
[-0.34318313]
[-0.24320585]
[ 0.41307792]
[-0.24898264]
[-0.2353749]
[ 0.20441554]
[-0.11679368]
[-0.478733]
[ 0.24353555]
[-0.50504345]
[ 0.0183339]
[-0.20334229]
[-0.3694562]
[-0.13615476]
[-0.22655138]
[ 0.10403783]
[-0.25883245]
[ 0.20617761]
[ 0.42957056]
[ 0.4576686]
[ 0.31827313]
[ 0.55430454]
[-0.33139467]
[-0.41696051]
[ 0.14995196]
[ 0.57752395]
[ 0.30290779]
[-0.21097469]
[-0.04137005]
[ 0.00053027]
[-0.00050768]
[-0.00586978]
[ 0.01557096]
[ 0.00500303]
[-0.00394371]
[ 0.00289956]
[ 0.03431444]
[-0.00251987]
[-0.01884267]
[-0.01438318]
[-0.01014039]
[ 0.00201938]
[ 0.0065811]
[-0.00612219]
[-0.00922676]
[-0.00048962]
[ 0.00274077]
[-0.00860771]
[ 0.19816193]
[-0.04480879]
[-0.0480519]
[ 0.00237954]
[-0.00088011]
[-0.01091228]
[ 0.00615458]
[-0.00487039]
[ 0.00257759]
[-0.03900659]
[-0.1589262]
[ 0.00394108]
[ 0.0070647]
[ 0.00510552]
[ 0.03015476]
[-0.00864424]
[ 0.00946458]
[ 0.00507261]
[-0.00757553]
[ 0.00078206]
[ 0.0017921]
[-0.05528508]
[ 0.04063424]
[-0.00600044]
[-0.01681567]
[-0.00397012]
[ 0.01091061]
[ 0.00067758]
[ 0.07571588]
[ 0.00019429]
[ 0.00704953]
[-0.00615122]
[ 0.19219996]
[-0.12689671]
[-0.01519378]
[ 0.00564962]
[-0.00434076]
[-0.01999268]
[ 0.00947775]
[-0.00394679]
[ 0.00774292]
[-0.09413426]
[ 0.09157157]
[ 0.00404255]
[ 0.00457803]
[ 0.00308914]
[-0.0231549]
[ 0.00460851]
[ 0.0184925]
[-0.0089307]
[ 0.01002381]
[ 0.0041173]
[ 0.00694084]
[ 0.00871269]
[-0.09925742]
[ 0.01448193]
[ 0.00439109]
[ 0.0164919]
[-0.00559684]
[ 0.00500297]
[ 0.00973681]
[ 0.00133018]
[ 0.00135599]
[ 0.0094391]
[ 0.0712695]
[ 0.13618985]
[-0.00452912]
[-0.00497042]
[ 0.0021636]
[ 0.00808059]
[-0.00435873]
[ 0.00437061]
[ 0.02382212]
[-0.14025281]
[-0.05461369]
[-0.00135388]
[-0.00403158]
[-0.00117938]
[ 0.04690852]
[ 0.00594908]
[ 0.01556725]
[-0.00786534]
[ 0.00906753]
[ 0.00234825]
[-0.0349219]
[-0.04542159]
[-0.03914612]
[ 0.03934665]
[ -9.11654934e-05]
[ 0.01936305]
[-0.01181047]
[ 0.00947803]
[ 0.11778799]
[ 0.00141149]
[ 0.0053136]
[ 0.0061464]
[-0.05794968]
[-0.0488683]
[ 0.02546001]
[-0.0073053]
[ 0.00833459]
[ 0.00543428]
[-0.00596603]
[ 0.01083692]
[ 0.02189295]
[-0.13117275]
[ 0.15696989]
[ 0.00324026]
[-0.00725276]
[-0.00415948]
[ 0.01848374]
[ 0.0215605]
[-0.04285]
[-0.06107179]
[-0.01218751]